facility_id,facility_name,address,ward,hotel_license_type,license_date,latitude,longitude,ヨーロッパ小計,中国,北米小計,国内合計,東南アジア小計,海外合計,韓国
id_1,あらか嵐山渡月邸　南棟,京都市西京区嵐山中尾下町１４番地４　国有地,西京区,簡易宿所,R1.8.26,35.0105125,135.6784014,4,28,0,50,4,38,1
id_2,ＣＯＴＯ京都伏見稲荷１,京都市伏見区深草一ノ坪町２９番地７,伏見区,簡易宿所,H29.5.1,34.9686276,135.7694913,12,10,46,88,15,135,2
id_3,ホテルグラッドワン京都七条　ｂｙ　Ｍ’ｓ,京都市下京区正面通木屋町東入北側鍵屋町３３７番京都市下京区三ノ宮町通正面上る富松町２５９番,下京区,旅館・ホテル,H29.10.2,34.9921283,135.7659456,51,29,5,89,3,97,7
id_4,万葉居,京都市下京区油小路通五条上る上金仏町２６０番地２,下京区,簡易宿所,R1.8.20,34.9971093,135.7540401,17,39,4,75,3,77,5
id_5,京都旅宿　小春日和,京都市下京区西新屋敷下之町６番地３,下京区,簡易宿所,H29.4.19,34.9928361,135.7430825,4,17,7,33,0,35,4
id_6,利々　京都,京都市下京区新町通楊梅下る蛭子町１２３番地２,下京区,簡易宿所,R4.7.21,34.995088,135.7565688,6,5,7,32,0,26,0
id_7,ｈｙｇｇｅ花屋町,京都市下京区二人司町１２番地３,下京区,簡易宿所,R4.4.15,34.992614,135.7466089,0,3,4,21,0,12,0
id_8,喜承庵,京都市中京区麸屋町通二条上る布袋屋町４９５番地３,中京区,簡易宿所,R2.3.3,35.0145367,135.7656827,57,9,9,100,0,96,1
id_9,室・近吉,京都市下京区鍵屋町通烏丸西入鍵屋町３２６番地，３２７番地,下京区,簡易宿所,H25.9.30,34.9950424,135.7585262,14,25,0,78,0,42,0
id_10,ｇｕｅｓｔ　ｈｏｕｓｅ　Ｐｅａｃｅ,京都市南区八条通大宮西入九条町６２１番地２９,南区,簡易宿所,H30.1.9,34.9836439,135.748369,62,2,14,90,6,102,0
id_11,オリックス京都嵐山荘,京都市右京区嵯峨天龍寺芒ノ馬場町１７番地,右京区,簡易宿所,H26.3.10,35.0167611,135.6764674,5,0,1,21,0,15,0
id_12,ゲストハウス松家,京都市中京区押小路通柳馬場東入橘町６１３番地４,中京区,簡易宿所,H29.3.13,35.0122318,135.7660184,9,86,10,116,9,119,1
id_13,京町家　桃,京都市上京区下立売通千本西入稲葉町４５１番地１,上京区,簡易宿所,R4.12.1,35.0202554,135.7417576,23,54,4,78,6,98,7
id_14,悠,京都市下京区若宮通六条西入上若宮町９４番,下京区,簡易宿所,H21.4.8,34.9942355,135.7557937,5,7,8,35,0,27,1
id_15,慶有魚・芸軒,京都市東山区建仁寺町四条下る四丁目小松町５７２番地７,東山区,簡易宿所,R6.4.26,34.9984516,135.7742613,10,0,7,34,2,20,0
id_16,静か庵,京都市東山区三条通南裏白川筋西入三丁目南西海子町４２９番地３,東山区,簡易宿所,H28.7.12,35.009339,135.7770372,1,0,7,31,0,16,0
id_17,ＲＥＳＩＳＴＡＹ五条坂,京都市東山区建仁寺町五条下る一丁目東入芳野町１０５番地２，１０４番地，１０４番地１,東山区,簡易宿所,H31.1.21,35.0047085,135.7735187,18,0,12,41,0,33,0
id_18,京都Ｒａｎｚ 三条Ｏｇａｗａ,京都市中京区小川通三条下る猩々町１２１番地,中京区,簡易宿所,R3.6.17,35.0082629,135.754557,0,28,0,73,0,38,0
id_19,Ｅｘｐｏ　Ｃｏｔｔａｇｅ　灯　－Ａｋａｒｉ－,京都市北区紫野西藤ノ森町１番地５３,北区,簡易宿所,H29.1.16,35.036379,135.7463795,22,0,0,55,1,85,0
id_20,Ｋｙｏｔｏ　Ｍａｃｈｉｙａ　鴨川ガーデンズ　ＹＵＫＩＭＩ,京都市東山区鞘町通五条下る三丁目豊浦町３４６番地１,東山区,簡易宿所,R6.7.25,34.9933217,135.769239,16,0,2,40,4,25,0
id_21,ＫＫ　Ｈｏｕｓｅ　Ｋｙｏｔｏ,京都市南区東九条柳下町５１番地２２,南区,簡易宿所,R3.7.16,34.9746571,135.7633813,3,0,9,80,3,72,0
id_22,太秦聖徳庵,京都市右京区太秦森ケ前町１１番地２３,右京区,簡易宿所,H30.6.21,35.0122874,135.7132061,8,4,0,33,0,15,0
id_23,Ｕｍｅｋｏｊｉ　Ｐｏｔｅｌ　ＫＹＯＴＯ,京都市下京区観喜寺町１５番地,下京区,旅館・ホテル,R2.8.5,34.9874832,135.7458282,6,9,0,39,2,24,0
id_24,旅館ひのもと,京都市下京区河原町通松原上る西入幸竹町３７５番地,下京区,旅館・ホテル,H30.12.26,34.9998347,135.7675723,9,0,14,56,0,28,3
id_25,京都九条　牡丹,京都市南区東九条東御霊町５８番地２０,南区,簡易宿所,H31.4.15,34.9775476,135.7636314,0,0,27,52,2,35,1
id_26,エキスポ　ホステル　ニシ,京都市北区紫野西藤ノ森町１番地の４９,北区,簡易宿所,H27.6.9,35.0365053,135.7463332,6,12,1,98,15,48,2
id_27,アビタホテル京都鴨川,京都市東山区問屋町通五条下る四丁目鍵屋町４９７番地１他,東山区,旅館・ホテル,R2.11.16,34.9919417,135.7681376,8,3,8,39,0,22,0
id_28,三十三　ＴＡＴＳＵ,京都市南区西九条島町４番地９,南区,簡易宿所,R7.9.8,34.9765054,135.7533997,17,9,2,70,3,36,0
id_29,ＫＡＭＯ　Ｒｅｓｉｄｅｎｃｅｓ,京都市上京区御車道通清和院口上る東側梶井町４４７番地６,上京区,簡易宿所,R4.2.7,35.029356,135.7706123,9,0,64,71,0,85,5
id_30,京蘭－花影邸,京都市下京区楊梅通新町東入上柳町２２３番地１７,下京区,簡易宿所,R5.6.8,34.9957588,135.7575191,0,3,4,24,0,10,0
id_31,小楽庵,京都市中京区西ノ京右馬寮町３番地２,中京区,簡易宿所,H28.8.22,35.0149928,135.7373488,27,8,5,64,0,52,5
id_32,京都和家,京都市下京区花屋町通櫛笥西入薬園町１７４番地５,下京区,旅館・ホテル,R5.1.24,34.9928105,135.7465275,1,0,0,35,1,2,0
id_33,京のこころ　Ｋｙｏｔｏ’ｓ　Ｈｅａｒｔ,京都市左京区吉田中阿達町１０番地２７，１０番地４６,左京区,簡易宿所,H29.12.26,35.0243914,135.7744354,0,0,2,26,1,4,1
id_34,豊・南　京都　（Ｙｕｔａｋａ　Ｍｉｎａｍｉ　Ｋｙｏｔｏ）,京都市南区東九条南山王町３８番地８,南区,簡易宿所,R5.11.7,34.9813269,135.7628628,62,50,4,102,8,228,0
id_35,Ｎａｚｕｎａ　京都　東本願寺,京都市下京区不明門通上珠数屋町下る亀町２番地,下京区,簡易宿所,R6.10.17,34.991812,135.7602434,4,35,46,106,0,99,10
id_36,芹の里,京都市右京区京北芹生町芹生22番地,右京区,簡易宿所,H16.1.9,35.1581734,135.7507659,133,25,8,77,3,195,2
id_37,御宿　京灯,京都市下京区東中筋通六条下る学林町２９５番地８,下京区,簡易宿所,H28.8.5,34.9940673,135.7547177,0,31,12,41,1,52,1
id_38,アーバンホテル京都,京都市伏見区深草西浦町四丁目59番地,伏見区,旅館・ホテル,H6.3.4,34.9613823,135.7679115,4,0,5,23,0,11,0
id_39,Ｂｅｎ’ｓ　Ｇｕｅｓｔｈｏｕｓｅ　Ｋｙｏｔｏ,京都市上京区一条通七本松西入東町４３番地１，４３番地４,上京区,簡易宿所,R4.5.12,35.0261877,135.7388291,8,97,77,77,0,192,5
id_40,ピースホステル京都,京都市南区東九条東山王町２１－１,南区,簡易宿所,H25.3.28,34.983611,135.7621203,0,0,0,53,2,7,0
id_41,ゲストハウス極楽堂,京都市下京区七条通烏丸西入西境町１６７番地,下京区,簡易宿所,H29.8.14,34.9890229,135.7582386,0,4,5,32,0,13,0
id_42,京旅籠むげん,京都市上京区黒門通上長者町下る北小大門町５４８番地１,上京区,旅館・ホテル,R4.8.23,35.0233781,135.7497479,18,0,3,60,0,53,0
id_43,橼舎　隠清水,京都市東山区五条橋東六丁目５３８番地３４　１階，２階,東山区,簡易宿所,H30.4.18,34.9947598,135.7808523,5,1,4,24,2,15,0
id_44,Ｈｏｔｅｌ　Ｔｈｅ　Ｍ’ｓ　Ｋｙｏｔｏ,京都市南区東九条東山王町６番地,南区,簡易宿所,R3.2.26,34.9824184,135.7613006,22,14,4,104,1,91,2
id_45,ぎおん美先古門前,京都市東山区古門前通大和大路東入三吉町３５０番地,東山区,旅館・ホテル,R3.2.15,35.007182,135.7747317,1,4,8,45,4,28,1
id_46,京都西陣の宿　花つなぎ,京都市上京区上立売通浄福寺西入二丁目下る姥ヶ榎木町８４８番地,上京区,簡易宿所,H30.6.4,35.0314985,135.7439643,10,37,4,72,1,62,7
id_47,奏　京都八条口,京都市南区東九条南山王町４０番地６,南区,簡易宿所,H31.3.27,34.9816752,135.7629124,0,4,1,42,2,14,0
id_48,Kyoto Central Base,京都市中京区油小路通竹屋町下る橋本町４６９番地２,中京区,簡易宿所,R6.4.26,35.0160441,135.753316,32,6,0,66,2,46,5
id_49,慶有魚　天神,京都市下京区松原通油小路東入天神前町３３９番地,下京区,簡易宿所,R7.10.6,34.9987746,135.7545326,17,56,20,74,0,96,3
id_50,義方居,京都市中京区西ノ京中保町９７番地３,中京区,簡易宿所,H30.2.23,35.020471,135.7327135,12,2,5,32,0,20,0
id_51,紡　八条源町,京都市南区八条源町１１５番地,南区,簡易宿所,R2.2.10,34.9820227,135.742854,83,18,24,100,1,191,0
id_52,ホテルリソル京都　河原町三条,京都市中京区河原町通三条下る大黒町５７番地，５７番地３他河原町通三条下る二丁目山崎町２３４番地２,中京区,旅館・ホテル,H30.5.29,35.0079487,135.7692339,34,58,9,74,3,114,7
id_53,ＫＡＳＨＩＮ　壬生,京都市中京区壬生高樋町６５番地,中京区,簡易宿所,H28.11.4,35.001571,135.7412995,43,9,10,105,3,91,18
id_54,京旅籠やまの,京都市西京区嵐山上海道町３６番地,西京区,簡易宿所,H30.5.1,35.0080358,135.6822028,11,181,8,82,15,250,5
id_55,京町家のやど　室町　別邸,京都市下京区室町通五条下る大黒町２１４番地,下京区,簡易宿所,H30.7.2,34.9951659,135.7581052,0,23,20,65,2,60,1
id_56,ゲストハウス　エビス,京都市上京区上立売通浄福寺西入蛭子町６５３番地　１階,上京区,簡易宿所,H29.8.7,35.0322649,135.7448989,2,202,7,93,10,222,1
id_57,蒔田町 chashitsu,京都市東山区大仏南門通本町東入蒔田町５５４番地５,東山区,簡易宿所,H28.5.26,34.9867303,135.7705652,5,4,1,24,4,15,0
id_58,ｈｏｔｅｌ　ｔｏｕ　ｎｉｓｈｉｎｏｔｏｉｎ　ｋｙｏｔｏ,京都市下京区西洞院通花屋町下る西洞院町４５５番地,下京区,旅館・ホテル,R3.3.25,34.9920408,135.7554303,6,1,0,31,1,12,1
id_59,アズーロ・エレファンテ,京都市東山区粟田口三条坊町３０番地２４，３０番地６６,東山区,簡易宿所,H29.3.1,35.0078812,135.7813558,5,1,0,22,2,11,0
id_60,旅館吉川　株式会社,京都市中京区富小路通御池下る松下町135,中京区,旅館・ホテル,S31.4.2,35.010343,135.7647865,2,20,0,52,0,26,1
id_61,コウメノトナリ,京都市左京区古川町通仁王門下る東門前町５２３番地５,左京区,簡易宿所,R2.11.5,35.0103879,135.7788845,0,0,7,53,0,11,3
id_62,ますや旅館,京都市左京区新麩屋町通仁王門下る大菊町145,左京区,旅館・ホテル,S54.9.11,35.0104924,135.7742064,8,4,5,44,0,37,1
id_63,京と家　五条大阪町,京都市東山区鞘町通五条下る二丁目大阪町３８５番地１，３８７番地１,東山区,簡易宿所,H30.5.7,34.9947204,135.7692969,6,2,6,81,15,45,4
id_64,斎物居,京都市東山区大黒町通松原下る北御門町２７７番地１,東山区,簡易宿所,R6.6.3,34.9975943,135.7715559,3,4,10,54,4,26,4
id_65,YASAKA HOUSE,京都市東山区下河原通八坂鳥居前下る上弁天町４２９番地１,東山区,簡易宿所,H28.6.27,35.0003552,135.7779539,0,4,10,37,0,18,1
id_66,香柏　高台寺,京都市東山区下河原通八坂鳥居前下る上弁天町４２８番地４,東山区,簡易宿所,R6.3.29,35.0001654,135.7784675,5,10,46,74,9,82,0
id_67,東寺道ＲＯＪＩ,京都市南区東九条北烏丸町４番地２,南区,簡易宿所,R7.3.3,34.9818133,135.7586933,1,0,1,28,0,11,0
id_68,ホテル日航プリンセス京都,京都市下京区東洞院通仏光寺下ル高橋町630-3番地,下京区,旅館・ホテル,H16.1.26,35.0005852,135.7607391,22,27,6,88,0,82,18
id_69,竹隠東福,京都市東山区本町十丁目１７６番地６,東山区,簡易宿所,H29.4.26,34.9836463,135.7699357,7,4,5,24,0,18,0
id_70,「京の温所」御幸町夷川,京都市中京区御幸町通夷川上る松本町５７４番地,中京区,簡易宿所,H30.11.14,35.0151024,135.7662271,9,62,2,94,11,94,10
id_71,離宮庵　京都西京極,京都市右京区西京極東向河原町１０番地５,右京区,簡易宿所,R2.1.23,34.9858717,135.7186166,34,25,1,81,3,81,0
id_72,,京都市伏見区深草一ノ坪町３６番地１－２,伏見区,施設外玄関帳場,,34.968718,135.7689853,6,0,0,36,2,22,1
id_73,Ｋｕｒａｋｉ－ａｎ（蔵輝庵）,京都市南区西九条池ノ内町９４番地２,南区,簡易宿所,R5.4.5,34.9830095,135.7533387,0,0,0,17,0,9,0
id_74,松春,京都市東山区下河原通八坂鳥居前下る下河原町463,東山区,旅館・ホテル,S42.10.21,35.0000233,135.7795767,40,34,35,92,2,143,10
id_75,ゲストハウス京都駅前,京都市南区東九条東岩本町１８番地６,南区,簡易宿所,R7.2.3,34.9839657,135.7654215,24,2,2,84,4,85,3
id_76,喜楽・翡翠,京都市南区東九条宇賀辺町４８番地２,南区,簡易宿所,R2.2.13,34.9779937,135.7654364,4,13,2,87,6,41,0
id_77,Ｐｒｅｍｉｕｍ　Ａｐａｒｔ　ＭＯＮｄａｙ　京都五条,京都市下京区五条通堺町西入塩竈町３８７番地１,下京区,簡易宿所,R7.5.16,34.9964626,135.764348,4,25,77,87,3,172,7
id_78,京照庵,京都市中京区壬生高樋町６４番地５,中京区,簡易宿所,R2.7.9,35.0012765,135.7391509,1,0,1,24,0,8,4
id_79,大原宿,京都市中京区両替町通二条上る北小路町１００番地１,中京区,簡易宿所,H31.1.31,35.0139502,135.7589382,20,20,3,42,1,56,8
id_80,雲・小川,京都市下京区三ノ宮町通上ノ口上る岩滝町２１５番地,下京区,簡易宿所,H29.6.19,34.9933074,135.7660937,3,0,0,28,0,6,0
id_81,京恋　礼清水,京都市東山区柿町通大黒町西入東川原町５２５番地南側,東山区,簡易宿所,R1.5.20,34.9970828,135.7707124,57,13,35,93,2,123,10
id_82,エポックイン伏見稲荷,京都市伏見区深草フケノ内町１２番地８,伏見区,簡易宿所,H31.2.12,34.967676,135.7677138,9,41,4,79,12,136,1
id_83,Ｈｅｌｌｏ　Ｈｏｓｔａｌ,京都市下京区寺町通五条上る西橋詰町７６３番地１,下京区,簡易宿所,H29.9.20,34.9969461,135.7671583,19,2,0,42,0,22,0
id_84,Ａ－Ｓｔｙｌｅ　Ｋｙｏｔｏ,京都市南区東九条南山王町４９番地３,南区,簡易宿所,H29.1.12,34.9817997,135.7637507,0,0,0,26,1,55,0
id_85,孫橋三条京阪,京都市左京区川端より一筋東三条上る一筋目東入超勝寺門前町９４番地,左京区,簡易宿所,R7.8.18,35.0100766,135.7744168,7,0,14,50,0,34,0
id_86,ヒルトン京都,京都市中京区河原町通二条下る二丁目下丸屋町４１６番地,中京区,旅館・ホテル,R6.8.28,35.0097433,135.7692329,0,52,0,51,0,61,0
id_87,無憂舎,京都市東山区渋谷通本町東入三丁目上新シ町３６７番地３,東山区,簡易宿所,H31.1.21,34.9936296,135.7735187,37,11,5,83,2,61,4
id_88,ＥＬＩＴＥ　ＩＮＮ　ＫＹＯＴＯ　ＳＴＡＴＩＯＮ,京都市下京区東堀川通下魚ノ棚下る鎌屋町３番地，４番地，５番地，６番地,下京区,旅館・ホテル,R2.12.15,34.9961959,135.75972,0,3,27,66,2,39,5
id_89,ＭＹＴＨ－ＣＬＵＢ,京都市伏見区竹田東小屋ノ内町６５番地,伏見区,旅館・ホテル,H22.12.27,34.9519252,135.7496388,12,54,30,96,15,115,0
id_90,ゲストハウス蘭子ＡＩＫＯ,京都市南区東九条東御霊町３４番地３,南区,簡易宿所,R2.5.12,34.9792178,135.7635236,12,0,0,51,0,67,1
id_91,谷町君星屋　城下の宿,京都市中京区猪熊通六角下る六角猪熊町６１１番地２,中京区,簡易宿所,R3.4.16,35.0067751,135.7504696,1,1,1,26,0,4,0
id_92,和庵,京都市南区東九条北烏丸町８番地９,南区,簡易宿所,H29.3.23,34.9813823,135.7593955,17,13,2,91,1,172,0
id_93,日々　タウンハウス,京都市上京区仁和寺街道御前通西入下横町１９９番地２１,上京区,簡易宿所,H29.12.28,35.0240603,135.7329914,9,132,37,94,6,219,7
id_94,ゲストハウス　美盧内田町邸,京都市南区八条内田町９３番地４,南区,簡易宿所,H30.3.13,34.9801187,135.7453708,12,8,1,61,6,32,1
id_95,京の宿　結,京都市上京区竹屋町通千本東入主税町８１２番地２１,上京区,簡易宿所,R7.9.9,35.0156691,135.7433166,2,44,32,81,16,107,7
id_96,夢住凛　ｍｕ　ｊｕ　ｒｉｎ,京都市左京区岡崎徳成町７番地６,左京区,簡易宿所,R3.3.22,35.0137868,135.7771488,2,1,34,70,2,48,3
id_97,Ｇｕｅｓｔ　Ｈｏｕｓｅ　Ｏｎｅ　Ｍｏｒｅ　Ｈｅａｒｔ　ａｔ　Ｆｕｓｈｉｍｉ　Ｉｎａｒｉ,京都市伏見区深草稲荷中之町５７番地、深草一ノ坪町９番地１,伏見区,簡易宿所,R5.1.17,34.9683103,135.7706208,8,37,64,55,6,116,0
id_98,陶然居,京都市東山区渋谷通本町東入四丁目鐘鋳町５６６番地２,東山区,簡易宿所,R2.5.14,34.9936766,135.7745361,27,0,18,55,9,60,2
id_99,,京都市伏見区深草町通町１８番地９,伏見区,施設外玄関帳場,,34.9604506,135.7690141,0,1,0,19,1,9,0
id_100,こまつ,京都市東山区祇園町南側５０１番地２,東山区,旅館・ホテル,S37.8.7,35.0022341,135.778651,21,0,1,30,2,26,0
id_101,Ｗｅｓｔ　Ｊａｐａｎ　六波羅Ⅲ,京都市東山区六波羅裏門通三盛町１６８番地１,東山区,簡易宿所,H29.2.2,34.9963092,135.7734585,5,1,0,17,2,10,0
id_102,慶有魚　葵,京都市東山区八坂塔之下星野町８８番地１３,東山区,簡易宿所,R1.10.15,34.9985747,135.7780523,96,8,4,82,12,124,4
id_103,龍門客桟,京都市山科区大塚高岩２番地４２,山科区,簡易宿所,H31.4.5,34.9799091,135.8299363,0,0,0,48,1,6,1
id_104,園ハウス２階,京都市東山区建仁寺町四条下る四丁目小松町５６３番地１２,東山区,簡易宿所,H28.2.15,35.0002227,135.7749971,32,8,22,55,22,89,3
id_105,Ａｋｉ,京都市上京区油小路通一条上る二丁目革堂西町５３０番地，５２８番地１,上京区,簡易宿所,H28.9.9,35.0273494,135.7531906,2,62,6,106,1,106,7
id_106,京町家雅　宮木邸,京都市中京区姉小路通油小路東入宮木町４６５番地,中京区,簡易宿所,H29.6.29,35.0096886,135.7540741,2,0,2,43,1,13,3
id_107,京町家　大徳寺,京都市北区紫野上築山町２９番地４,北区,簡易宿所,R1.10.11,35.0403164,135.745545,2,5,4,52,4,54,0
id_108,旅籠　近江屋,京都市右京区京北周山町下台１番地４,右京区,簡易宿所,R2.2.13,35.156587,135.6320587,7,80,8,91,0,97,2
id_109,,京都市南区西九条南田町６９－２,南区,施設外玄関帳場,,34.9771641,135.7485208,0,4,4,32,0,12,0
id_110,あおしだ,京都市下京区諏訪開町１番地１５,下京区,簡易宿所,H28.2.19,34.9908996,135.7473387,1,0,1,26,0,4,1
id_111,慶有魚・石塀,京都市東山区広道通松原上る五丁目月見町１９番地１０,東山区,簡易宿所,H31.4.4,35.0012658,135.7780465,30,5,1,42,4,44,0
id_112,洛床　桃,京都市中京区西ノ京船塚町１２番地３,中京区,簡易宿所,R2.4.24,35.0118248,135.7370065,0,1,2,29,0,10,1
id_113,谷町君　星屋旅館　東山望月居,京都市東山区鞘町通五条下る二丁目大阪町３６３番地　他,東山区,簡易宿所,R5.2.22,34.9940007,135.7688432,9,16,35,87,30,118,13
id_114,ゲストハウス御影軒　純の子,京都市南区唐橋井園町５２番地８,南区,簡易宿所,H30.8.13,34.9820777,135.7403743,21,2,16,84,1,156,2
id_115,あけくれ京都白川,京都市東山区三条通南裏二筋目白川筋西入堤町４９２番地,東山区,旅館・ホテル,R7.11.28,35.0085441,135.7801022,29,12,4,75,9,57,3
id_116,アゴーラ　京都烏丸,京都市下京区西洞院通四条下る妙伝寺町７０１番地１,下京区,旅館・ホテル,R3.4.26,35.0031895,135.7548472,30,27,32,106,0,116,7
id_117,Ｇｒａｎｄ　ｌａ　ｉｎｎ　ｗｅｓｔ,京都市南区八条寺内町１６番地４、１６番地５（西側）,南区,簡易宿所,R6.1.19,34.9825283,135.7457118,29,14,44,94,20,114,0
id_118,風神,京都市下京区西七条東石ケ坪町１６番地,下京区,簡易宿所,H28.9.16,34.9924431,135.7352209,5,1,8,33,0,22,1
id_119,えびす旅館,京都市南区東九条中殿田町16番2,南区,旅館・ホテル,H27.3.19,34.9813828,135.7569108,5,2,16,83,1,95,2
id_120,ＮＡＺＵＮＡ　京都　椿通　ＨＡＮＡ－７,京都市下京区高辻通大宮西入坊門町８３６番地７,下京区,簡易宿所,R2.3.31,34.9994568,135.748681,2,0,22,57,2,43,3
id_121,民泊藤城－京都店,京都市南区東九条西札辻町４０番地１,南区,簡易宿所,R5.5.25,34.9764396,135.7616966,51,16,14,97,1,117,2
id_122,京都八坂の町家　和“ＮＡＧＯＭＩ”,京都市東山区八坂鳥居前清井町４８９番地４,東山区,簡易宿所,H29.11.21,35.0018314,135.7779808,43,38,37,109,15,147,5
id_123,ホテルエクセレンス・円町駅前,京都市中京区西ノ京円町３０の２番地,中京区,旅館・ホテル,H29.8.14,35.0184094,135.7324482,35,23,2,39,1,65,1
id_124,泊まり木,京都市東山区泉涌寺五葉ノ辻町２０番地２,東山区,簡易宿所,H29.5.31,34.9823319,135.7716948,1,5,0,28,2,13,1
id_125,十六夜　ｉｚａｙｏｉ,京都市上京区芦山寺通千本東入二丁目西芦山寺町９０番地１,上京区,簡易宿所,H29.6.2,35.035223,135.7425671,7,13,8,35,2,50,1
id_126,出雲荘,京都市東山区六波羅裏門通南二丁目門脇町１９２番地,東山区,簡易宿所,R5.3.8,34.9958291,135.773278,3,0,2,62,0,17,1
id_127,リッチモンドホテルプレミア京都駅前,京都市下京区油小路通木津屋橋下る北不動堂町５６５番地３,下京区,旅館・ホテル,H31.4.17,34.9873245,135.7545555,27,90,40,79,3,162,1
id_128,浦島,京都市東山区八坂新地富永町137,東山区,旅館・ホテル,S29.12.27,35.0042206,135.7736669,57,13,37,92,2,141,1
id_129,福田寺ゲストハウス,京都市下京区高倉通松原下る西入福田寺町５０番地２,下京区,簡易宿所,H30.10.10,34.9979127,135.7623631,0,0,4,19,0,4,0
id_130,宿屋　西陣荘,京都市上京区元誓願寺通油小路西入西町458,上京区,旅館・ホテル,S38.11.5,35.0288102,135.752918,5,0,16,61,0,43,0
id_131,悠然居,京都市中京区壬生辻町５３番地７,中京区,簡易宿所,H31.2.13,35.0004079,135.7428052,4,23,3,62,1,38,0
id_132,京蘭‐鏡月邸,京都市下京区松原通堺町東入杉屋町２８５番地４,下京区,簡易宿所,H30.1.12,34.9991968,135.7635963,1,8,1,35,1,17,3
id_133,ＳＨＩＮ,京都市下京区中堂寺南町５９番地７，５９番地８,下京区,簡易宿所,H29.9.21,34.996385,135.7402631,4,0,1,32,0,6,0
id_134,民宿　わらびの里,京都市右京区北嵯峨六代芝町24-1,右京区,簡易宿所,S50.7.12,35.0293785,135.6881175,20,13,3,41,1,73,0
id_135,ＨＯＴＥＬ　ＬｉＶＥＭＡＸ　ＢＵＤＧＥＴ　京都駅前,京都市下京区七条通新町西入夷之町７１３番地,下京区,簡易宿所,R2.1.9,34.9888535,135.7562818,4,95,7,108,3,124,7
id_136,四季々々,京都市中京区先斗町通三条下る二丁目若松町１３７番地１０,中京区,簡易宿所,H30.8.24,35.0074532,135.7710732,0,3,3,46,0,17,1
id_137,東籬Ａｎｎｅｘ,京都市上京区笹屋町通千本西入笹屋四丁目２８９番地,上京区,簡易宿所,H30.4.27,35.0281957,135.7207937,6,41,25,68,1,85,5
id_138,紡　七条鍵屋町　北棟,京都市下京区若宮通正面下る鍵屋町６４５番地１,下京区,簡易宿所,R2.4.8,34.9905691,135.7561024,19,27,5,81,0,92,1
id_139,,京都市伏見区下鳥羽但馬町１５２番地,伏見区,施設外玄関帳場,,34.9322576,135.7497555,5,17,0,44,0,31,0
id_140,樂安居　池ノ内町　梅,京都市南区西九条池ノ内町９３番地９,南区,簡易宿所,R5.12.5,34.983226,135.7532755,30,38,47,100,20,187,2
id_141,RESISTAY PALACE GATE Annex,京都市中京区麩屋町通二条上る布袋屋町４９０番地２,中京区,簡易宿所,R6.7.17,35.0148813,135.7656119,10,13,11,87,11,56,10
id_142,清水山荘,京都市東山区清水三丁目341番地の1,東山区,簡易宿所,H5.10.14,34.9977305,135.7813051,2,0,0,43,4,7,0
id_143,京宿家　格致あさぎ庵,京都市下京区醒ケ井通綾小路下る要法寺町４３２番地１,下京区,簡易宿所,H29.10.3,34.998979,135.7553069,12,13,2,57,1,45,1
id_144,ｏｔｈｅｒｓ－ｋｙｏｔｏ,京都市伏見区帯屋町９１７番地,伏見区,簡易宿所,R7.10.22,34.9342314,135.7548896,4,0,2,48,0,9,0
id_145,ロータリーマンション修学院イン京都,京都市左京区山端川原町７番地７　１階,左京区,簡易宿所,H28.10.20,35.0501795,135.7900842,0,4,14,37,0,40,1
id_146,一富士,京都市東山区祇園町南側570-1,東山区,旅館・ホテル,S26.8.4,35.0031213,135.7751197,4,2,7,18,2,17,0
id_147,Ｋｙｏｔｏ　Ｍａｃｈｉｙａ　福音　「琵琶」,京都市中京区六角通新町西入西六角町１０５番地３（東から１軒目）,中京区,簡易宿所,H29.7.24,35.0076296,135.7559855,32,7,17,71,3,75,5
id_148,,京都市中京区西ノ京永本町１６番地,中京区,施設外玄関帳場,,35.0120809,135.7385701,20,37,5,64,1,69,0
id_149,ブリオ,京都市伏見区竹田西小屋ノ内町２６番地,伏見区,旅館・ホテル,S58.11.17,34.9520641,135.7472981,0,0,0,23,2,3,0
id_150,Ｋａｍｏｎ　Ｉｎｎ　Ｔｏｊｉ　Ｈｉｇａｓｈｉ,京都市南区東寺東門前町５８番地,南区,簡易宿所,H30.1.12,34.9831949,135.7495318,0,4,1,36,2,14,0
id_151,眞松庵,京都市左京区岡崎円勝寺町９１番地７８，９１番地５,左京区,旅館・ホテル,R4.4.28,35.0108671,135.7836806,5,3,24,87,1,41,7
id_152,Ｃｌｏｓｅ　ｔｏ　Ｋｙｏｔｏ　Ｓｔａ．ＨＧ５,京都市南区東九条西山王町３番地２０，４番地　５階,南区,簡易宿所,H30.8.22,34.9820291,135.7600808,1,0,5,43,1,18,0
id_153,京町家　古今 東山,京都市東山区正面通本町東入茶屋町５１７番地６,東山区,簡易宿所,H27.7.10,34.9912973,135.7706023,8,0,5,28,2,20,0
id_154,ハートンホテル京都,京都市中京区東洞院通押小路下ル船屋町４０５,中京区,旅館・ホテル,H8.2.28,35.0117877,135.760698,0,5,1,61,2,34,0
id_155,京蘭　無月邸,京都市中京区西ノ京池ノ内町１６番地３２,中京区,簡易宿所,R6.10.9,35.0106289,135.746597,174,213,10,98,4,432,7
id_156,戸戸家　泉涌寺（CoCo House Sennewji）,京都市東山区泉涌寺東林町２１番地２,東山区,簡易宿所,H28.9.16,34.981399,135.7759938,14,11,1,42,1,30,1
id_157,ＧＯＥＭＯＮ,京都市南区東九条東山王町１７番地１０,南区,簡易宿所,H29.8.14,34.9838128,135.7620832,3,12,3,87,6,80,2
id_158,出水町家,京都市上京区下立売通智恵光院西入下丸屋町５１２番地,上京区,簡易宿所,H25.9.18,35.0198526,135.7458377,9,8,5,74,1,34,1
id_159,Ｗａｋａ　Ｋｙｏｔｏ　Ｋａｗａｒａｍａｃｈｉ,京都市下京区河原町通松原上る二丁目富永町３４９番地６,下京区,簡易宿所,R5.3.24,35.0012531,135.768581,7,1,0,40,0,12,0
id_160,ロワジールホテル クラシックガーデン 京都三条,京都市中京区三条通烏丸西入御倉町８０番地,中京区,簡易宿所,R6.10.30,35.0083578,135.7587624,7,8,6,85,0,36,5
id_161,Ｒｕｍａｈ　Ｋｙｏｔｏ　Ｙｕ　“祐”　京都の家,京都市左京区田中南大久保町２８番地,左京区,簡易宿所,R2.2.21,35.034378,135.7787316,9,1,0,55,2,26,0
id_162,東山　四季花木,京都市東山区三条大橋東六丁目今小路町８５番地１,東山区,簡易宿所,R1.9.3,35.0092719,135.7798522,6,12,20,82,12,51,0
id_163,合資会社晴鴨樓,京都市東山区問屋町五条下る三丁目西橘町467,東山区,旅館・ホテル,S21.2.16,34.9945623,135.7683248,32,25,25,72,12,112,0
id_164,坂の上宿,京都市東山区渋谷通大和大路東入二丁目妙法院前側町４２８番地２,東山区,簡易宿所,R6.4.30,34.9913965,135.7739953,29,1,2,74,1,49,3
id_165,ｓａｎｓｕｉ　二条城,京都市中京区姉小路通油小路東入宮木町４６２番地,中京区,簡易宿所,R6.10.30,35.0098579,135.7540088,0,0,1,23,0,7,1
id_166,清和荘,京都市伏見区深草越後屋敷町8,伏見区,旅館・ホテル,S34.2.10,34.9490752,135.7624448,11,8,5,94,39,115,2
id_167,笹舟庵,京都市北区紫野北舟岡町18番地10,北区,簡易宿所,H28.1.29,35.0368644,135.741207,40,0,8,42,4,102,0
id_168,三塔庵,京都市東山区清閑寺霊山町１９,東山区,簡易宿所,H4.8.25,34.9979581,135.7827044,1,0,0,31,4,6,0
id_169,ロテル・デ・フルール京極,京都市中京区新京極通三条下る東入桜之町412番地,中京区,旅館・ホテル,H17.11.28,35.0077574,135.7676755,0,1,2,19,0,8,0
id_170,エムズホテル　五条ＮＡＧＩＮＡＴＡＧＩＲＩ,京都市下京区万寿寺通室町西入長刀切町２１１番地１,下京区,簡易宿所,R2.5.12,34.9976204,135.7577863,19,21,27,80,7,105,7
id_171,ＦＵＳＨＩＭＩ　ＩＮＡＲＩ　ＩＮＮ,京都市東山区福稲下高松町１９番地６,東山区,簡易宿所,R1.11.19,34.9735248,135.7688432,0,1,29,83,12,51,0
id_172,リノ　ホテル　京都Ｒｈｉｎｏ　Ｈｏｔｅｌ　Ｋｙｏｔｏ,京都市右京区西院三蔵町１７番地,右京区,旅館・ホテル,H18.11.13,35.0026753,135.7316603,0,3,1,22,0,17,0
id_173,枳殻邸別館,京都市下京区間之町通上珠数屋町下る打越町３１７番地,下京区,旅館・ホテル,R3.9.24,34.9920694,135.7620206,2,18,3,63,1,38,13
id_174,ホテルジャパネスク京都駅ＺＥＱＵＵ,京都市南区東九条東岩本町２番地，２番地９，２番地１０２番地１１，２番地１２，２番地１９,南区,旅館・ホテル,H30.11.30,34.9823609,135.764568,7,9,1,33,0,35,0
id_175,Ｇｕｅｓｔ　Ｈｏｕｓｅ　Ｏｎｅ　Ｍｏｒｅ　Ｈｅａｒｔ  ａｔ　Ｋｙｏｔｏ　Ｓｔａｔｉｏｎ　Ｓｏｕｔｈ　６,京都市南区西九条池ノ内町８３番地２,南区,簡易宿所,R5.2.3,34.9834321,135.7530346,22,1,2,73,12,62,1
id_176,梅町屋　いなり,京都市伏見区深草鈴塚町１番地３０,伏見区,簡易宿所,R5.8.31,34.9697383,135.7679336,0,27,7,35,4,39,0
id_177,ＺＥＮＪＩ町家六堀,京都市下京区油小路通六条上る卜味金仏町１７７番地８,下京区,簡易宿所,R5.7.19,34.9942085,135.7533757,3,29,29,71,0,90,1
id_178,マガザンキョウト,京都市上京区椹木町通大宮西入中書町６８５番地１,上京区,簡易宿所,H30.9.13,35.018819,135.74817,0,25,12,44,0,53,8
id_179,花喜屋,京都市東山区五条橋東六丁目583番地101,東山区,簡易宿所,H16.5.10,34.9955844,135.7795095,48,3,6,97,3,65,4
id_180,ホステルイン京都祇園,京都市東山区新門前通大和大路東入二丁目中之町２４１番地,東山区,簡易宿所,R1.11.27,35.0061116,135.7759511,1,2,1,28,2,7,1
id_181,国立京都国際会館　ロッジ,京都市左京区岩倉大鷺町422,左京区,旅館・ホテル,S62.4.3,35.0610006,135.7831582,8,4,7,50,5,28,0
id_182,,京都市中京区壬生相合町１５番地３,中京区,施設外玄関帳場,,34.9997975,135.7456719,1,8,0,28,0,13,1
id_183,ブティックホテルもしもしピエロ,京都市伏見区竹田田中殿町88番地,伏見区,旅館・ホテル,H13.2.8,34.953576,135.7485074,11,11,35,85,15,86,2
id_184,Ｍｉｎｎ　三条,京都市東山区三条通大橋東入三町目１８番地,東山区,簡易宿所,R5.10.2,35.0093074,135.7729817,7,45,83,86,15,173,4
id_185,京の宿ＡＺＵ（西大路）,京都市下京区七条御所ノ内南町９３番地１　１階,下京区,簡易宿所,H30.1.19,34.9839741,135.7330797,0,1,0,41,2,5,1
id_186,黙然居,京都市中京区西ノ京左馬寮町１１番地５,中京区,簡易宿所,H31.4.17,35.0161787,135.7368307,6,51,6,67,3,81,13
id_187,京の宿　清水　想　　桜,京都市東山区八坂塔ノ下星野町８８番地２（南棟）,東山区,簡易宿所,R7.1.27,34.9984946,135.7784527,45,15,27,88,2,92,1
id_188,,京都市中京区西ノ京職司町５５番地,中京区,施設外玄関帳場,,35.0113229,135.7438334,32,97,5,75,2,171,13
id_189,京町家Ｇｕｅｓｔ　ｈｏｕｓｅ　Ｖｅｎｔｅｎ,京都市上京区猪熊通中立売下る猪熊一丁目３４７番地,上京区,簡易宿所,H22.8.12,35.0244856,135.750442,5,37,16,56,12,77,1
id_190,光雲寺　看月亭,京都市左京区南禅寺北ノ坊町１０番地,左京区,簡易宿所,H29.10.20,35.0168126,135.7957156,0,1,6,44,0,8,1
id_191,京都デジタルノマドワークベース　伏見稲荷,京都市伏見区深草フケノ内町１４番地５,伏見区,簡易宿所,H29.12.5,34.9674573,135.7676421,0,22,5,26,2,42,0
id_192,ＵＮＫＮＯＷＮ　ＫＹＯＴＯ　北棟,京都市下京区西木屋町通五条下る七条新地平居町５５番地２,下京区,簡易宿所,R2.2.10,34.9947129,135.7661071,29,6,5,87,3,54,7
id_193,慶有魚　天羽,京都市下京区東中筋通五条上る天使突抜二丁目３９５番地１,下京区,簡易宿所,R6.12.25,34.9970777,135.7541253,62,31,37,95,3,184,1
id_194,ＫＹＯＵＧＥＴＳＵ－ＡＮ　梟月庵,京都市南区吉祥院九条町４４番地７,南区,簡易宿所,H30.9.28,34.9777193,135.7339059,22,2,0,76,1,35,3
id_195,長安宿・京都・東山,京都市東山区三条通南三筋目西入進之町５９１番地１,東山区,簡易宿所,R7.4.14,35.0080738,135.7775807,16,0,12,44,4,34,1
id_196,やまがた　京町旅籠　西陣,京都市北区紫野下柏野町６番地９,北区,簡易宿所,H30.4.5,35.0337158,135.7371808,20,1,0,42,0,132,0
id_197,アパホテル〈京都駅前中央口〉,京都市下京区東洞院通七条下る塩小路町５３３番地２，５３３番地３，５３３番地,下京区,簡易宿所,R1.6.7,34.9879364,135.7608741,21,25,4,88,2,73,1
id_198,季楽　京都　東山,京都市東山区三条通北裏白川筋東入る堀池町３７９番地２,東山区,簡易宿所,R1.5.15,35.0098632,135.781658,8,2,6,101,2,65,4
id_199,Ｋｅｎｋｕｎ　Ｈｏｕｓｅ,京都市北区紫野西藤ノ森町１５番地３,北区,簡易宿所,R2.3.18,35.0386664,135.7462777,48,14,1,86,12,131,2
id_200,Ｔｈｅ　ＧｒａｎｄＷｅｓｔ　Ａｒａｓｈｉｙａｍａ,京都市西京区嵐山上海道町４８番地，４８番地３２，６５番地１,西京区,簡易宿所,H29.8.31,35.0081794,135.6816708,23,51,7,81,2,144,4
id_201,LJ Inn Fushimi Inari I,京都市伏見区深草町通町９番地１２,伏見区,簡易宿所,R1.9.18,34.960353,135.7702657,9,123,25,71,2,215,2
id_202,山田屋旅館,京都市下京区不明門通正面上る亀町６番地,下京区,旅館・ホテル,H25.4.9,34.9918352,135.760484,0,0,14,28,0,21,4
id_203,払殿町ＩＮＮ,京都市左京区一乗寺払殿町３１番地１家屋番号１５番の２,左京区,簡易宿所,R7.2.12,35.0436524,135.7839732,1,2,1,31,0,7,1
id_204,祇園　紘,京都市東山区下河原通八坂鳥居前下る下河原町４７５番地,東山区,簡易宿所,H29.8.8,34.9999361,135.7788984,54,16,97,107,15,196,13
id_205,京都ゲストハウス,京都市中京区高瀬川筋四条上る紙屋町３７０番地　２F,中京区,簡易宿所,H30.7.27,35.0047258,135.7701208,34,44,5,75,2,88,1
id_206,八重家　泉殿町,京都市左京区吉田泉殿町６８番地２９,左京区,簡易宿所,H29.11.16,35.027447,135.7748835,0,0,0,21,0,1,0
id_207,桂川ハウス希,京都市南区久世大藪町５番地２，５番地８,南区,簡易宿所,R3.5.25,34.9620076,135.718159,1,0,0,28,0,7,1
id_208,Ｗｅｓｔ　Ｊａｐａｎ　六波羅　別邸,京都市東山区六波羅裏門通三盛町１６８番地１,東山区,簡易宿所,R5.11.2,34.9963092,135.7734585,6,11,25,65,12,55,1
id_209,ｍａｒｕｃｏ（マルコ）,京都市上京区日暮通丸太町下る南伊勢屋町７７３番地２二戸一棟長屋の北側,上京区,簡易宿所,H31.1.29,35.0169648,135.7474378,1,1,0,18,1,9,0
id_210,ＮＡＺＵＮＡ　京都　椿通　ＭＩＺＵ－３,京都市下京区高辻通大宮西入坊門町８３６番地３,下京区,簡易宿所,R2.6.10,34.9994568,135.748681,0,1,1,34,0,7,0
id_211,ゲストハウス　ＷＩＮＤ　ＶＩＬＬＡ,京都市東山区七条通鞘町西入日吉町２２６番地２，２２５番地３，２３２番地,東山区,簡易宿所,H28.4.28,34.9890708,135.7685068,32,0,0,68,15,55,7
id_212,京宿家　開智あんず庵,京都市下京区麸屋町通高辻下る鍵屋町２０２番２,下京区,簡易宿所,H25.4.10,34.9992749,135.7654549,17,29,27,72,3,79,1
id_213,京豊,京都市南区西九条池ノ内町１０１番地７,南区,簡易宿所,R7.1.6,34.9823416,135.7528118,3,12,13,69,0,82,0
id_214,弁天庵,京都市上京区千本通出水上る弁天町３０５番地９,上京区,簡易宿所,H28.11.8,35.0219123,135.7437608,0,45,0,39,2,58,0
id_215,観光旅館　嵯峨グレースホテル,京都市右京区嵯峨新宮町6番地1,右京区,旅館・ホテル,S61.3.3,35.0211894,135.686733,43,80,6,89,2,138,2
id_216,ゲストハウス　悠々,京都市南区東九条上御霊町５０番地,南区,簡易宿所,H29.2.28,34.9798028,135.7631124,0,4,1,42,0,16,0
id_217,桃李さくら庵２,京都市下京区梅小路東中町５９番地，６０番地１　２階,下京区,簡易宿所,H30.8.21,34.9844138,135.7367357,9,0,14,50,0,25,1
id_218,Ｔｈｅ　Ｌａｎｇｕａｇｅ　Ｎｅｓｔ,京都市北区紫竹高縄町７０番地１１,北区,簡易宿所,H30.4.27,35.045954,135.750627,43,14,7,95,12,149,0
id_219,忍　稲荷邸,京都市伏見区深草秡川町２２番地２５,伏見区,簡易宿所,R4.10.28,34.9673609,135.7679893,8,44,4,78,12,141,0
id_220,ＣＯＴＯ京都金閣寺,京都市北区紫野十二坊町８番地４６,北区,簡易宿所,H28.9.20,35.0382325,135.7401685,57,11,9,84,2,106,4
id_221,侍邸　京都清水　ｂｙ　宿ル　ＫＹＯＴＯ　ＨＡＮＡＲＥ,京都市東山区大仏馬町伏見街道東入五丁目常盤町４６８番地１３,東山区,簡易宿所,H30.2.27,34.9928319,135.7758144,40,2,77,78,12,136,4
id_222,Ｓｗｅｅｔ　Ｓｔａｙ　糖舎,京都市上京区浄福寺通一条下る東西俵屋町６５６番地２１,上京区,簡易宿所,R2.4.27,35.0255548,135.7437695,1,44,4,72,4,57,1
id_223,園ゲストハウス　一空,京都市東山区新宮川町通松原下る西御門町４４０番６,東山区,簡易宿所,H24.9.5,34.9985488,135.7708372,7,2,14,28,4,29,0
id_224,京おばたや,京都市上京区下立売通千本西入稲葉町４５２番地,上京区,簡易宿所,H30.3.14,35.0200675,135.7418547,0,3,2,43,5,15,0
id_225,愉庵,京都市上京区上長者町通千本東入北側信濃町４７７番地,上京区,簡易宿所,H30.5.7,35.023685,135.7434,4,52,8,37,0,79,4
id_226,京町家お宿　花,京都市下京区新町通六条下る艮町８６５番地１,下京区,簡易宿所,H27.8.14,34.9934017,135.7567539,1,8,1,38,1,18,1
id_227,ホテルステーション京都・西館,京都市下京区七条通烏丸東入真苧屋町２００番地,下京区,旅館・ホテル,H16.3.12,34.9894682,135.7602063,34,6,6,87,4,64,10
id_228,謝　四季軒　春,京都市南区西九条唐橋町３７番地（西側）,南区,簡易宿所,R2.4.10,34.981261,135.7514846,1,12,6,48,5,60,0
id_229,憩の家,京都市下京区新町通六条下る艮町８８５番地,下京区,簡易宿所,H18.12.4,34.9941021,135.7569945,29,29,43,87,3,135,7
id_230,パルセスイン京都,京都市伏見区下鳥羽東芹川町４５,伏見区,旅館・ホテル,H3.2.2,34.9430212,135.7510733,20,0,4,81,12,49,1
id_231,プライベートレジデンス宮川町　結,京都市東山区新宮川町通松原下る西御門町４５１番地１,東山区,簡易宿所,H27.11.24,34.9982498,135.770806,103,10,4,76,12,142,4
id_232,Ｃｏｎｎｅｃｔ　Ｉｎｎ　泉涌寺,京都市東山区泉涌寺東林町１０番地３,東山区,簡易宿所,H30.5.14,34.9813889,135.7758242,3,23,14,56,4,63,2
id_233,Ｇｕｅｓｔ　ｈｏｕｓｅ　Ｈａｒｕｅ，春枝,京都市中京区油小路通三条下る三条油小路町１７６番地３,中京区,簡易宿所,H31.3.15,35.0075266,135.7531906,32,41,6,66,3,96,5
id_234,京都雅竹,京都市東山区一橋野本町８７番地５３,東山区,簡易宿所,R1.7.29,34.9845242,135.769121,4,1,16,65,1,38,2
id_235,芝蘭会館別館（国際交流会館）,京都市左京区吉田牛ノ宮町11-1.11-2,左京区,旅館・ホテル,H1.12.27,35.0244248,135.7777634,0,2,1,31,0,17,0
id_236,Ｋｙｏｔｏ　Ｓａｍｕｒａｉ　Ｓｔａｙ,京都市中京区蛸薬師通大宮西入上る因幡町１１１番地　１階,中京区,簡易宿所,H29.10.11,35.0064467,135.7477027,37,41,1,75,7,102,1
id_237,茜　ａｋａｎｅ　京都二条,京都市上京区下立売通千本東入下る中務町４９０番地２３,上京区,簡易宿所,R6.11.7,35.018576,135.7443426,3,59,10,48,0,98,1
id_238,映月　ＷＥＳＴ　ｂｙ　宿ル　ＫＹＯＴＯ　ＨＡＮＡＲＥ,京都市東山区三条白川橋二筋目下る西入北木之元町５２０番地１０,東山区,簡易宿所,H29.8.10,35.0086238,135.778454,5,1,3,22,0,12,0
id_239,Ｃｏｌｏｕｒｓ,京都市下京区東中筋通高辻下る舟屋町660,下京区,簡易宿所,H26.7.10,34.9997517,135.7545936,17,3,27,73,2,78,5
id_240,ＫＹＯＴＯ　ＮＩＪＹＯ　Ｇｕｅｓｔ　Ｈｏｕｓｅ,京都市中京区聚楽廻西町１６３番地４２,中京区,簡易宿所,H29.12.26,35.0198327,135.7403187,2,13,0,31,0,17,0
id_241,京都ホワイトホテル,京都市下京区東洞院通七条下る東塩小路町５５６番地２,下京区,簡易宿所,R3.4.30,34.9878497,135.7620052,29,33,5,94,3,81,10
id_242,イビススタイルズ京都四条,京都市下京区四条通西洞院東入郭巨山町８番地,下京区,簡易宿所,R3.11.10,35.0034001,135.7556258,24,33,37,95,0,104,1
id_243,Ｃａｓａ　Ｖｅｒｄｅ　綠川亭,京都市南区東九条北松ノ木町３９番地２８,南区,簡易宿所,R3.5.17,34.9782547,135.7668568,22,16,4,104,1,154,2
id_244,京の宿　宝船,京都市下京区東中筋通松原下る天使突抜一丁目３６４番地１,下京区,簡易宿所,R4.1.11,34.998211,135.754477,1,0,0,44,1,3,0
id_245,天神前,京都市下京区松原通油小路東入天神前町３５０番地１,下京区,簡易宿所,H30.6.28,34.9989394,135.7550375,0,3,0,22,0,6,1
id_246,ＩＲＯＨＡ　ＳＴＡＹ　Ｋｙｏｔｏ　颯,京都市東山区三条通北裏白川筋東入堀池町３７３番地１（南側）,東山区,簡易宿所,R6.8.9,35.0104947,135.7818617,54,15,46,106,12,132,1
id_247,宿ルＫＹＯＴＯ　ＨＡＮＡＲＥ　月陰ノ宿,京都市東山区松原通広道東入北入月輪町９６番地１４,東山区,簡易宿所,R4.4.28,34.9977943,135.7774984,3,5,0,54,1,15,0
id_248,京蘭　祇園邸,京都市東山区新橋通大和大路東入三丁目林下町４２８番地,東山区,簡易宿所,R7.4.9,35.0068414,135.7807795,61,3,7,94,2,92,1
id_249,Ｇｌｏｂａｌ　Ｃａｒｅ　京都嵐山,京都市右京区太秦一ノ井町３０番地８,右京区,簡易宿所,H29.8.9,35.0162934,135.7097927,64,33,9,108,9,169,0
id_250,二条式部庵,京都市中京区西ノ京式部町２２番地５,中京区,簡易宿所,H29.2.13,35.0144137,135.7438348,8,74,7,84,0,91,1
id_251,梅湯の宿　ｂｙ　宿ル　ＫＹＯＴＯ　ＨＡＮＡＲＥ,京都市下京区東高瀬川筋上ノ口上る岩滝町１７５番地,下京区,簡易宿所,H30.10.5,34.9929641,135.7656753,0,10,0,48,2,14,1
id_252,Ｍｕｌａｎ　Ｓｔａｙ　松尾大社,京都市西京区松室河原町５番地８,西京区,簡易宿所,R7.9.8,34.9989834,135.6884872,0,25,1,44,1,50,2
id_253,夢路,京都市北区紫野中柏野町６２番地１６,北区,簡易宿所,H29.2.1,35.0353141,135.7385423,54,16,8,82,12,96,2
id_254,ひさのや,京都市左京区久多下の町229,左京区,簡易宿所,S60.5.7,35.2645299,135.8195218,0,5,0,40,0,6,0
id_255,ゲストハウスＧｏｌｄｂｉｒｄ,京都市上京区中立売通浄福寺西入加賀屋町４０９番地１,上京区,簡易宿所,R6.7.1,35.0252651,135.7450562,0,0,8,32,1,14,0
id_256,粟田口　三条坊山荘,京都市東山区粟田口三条坊町２番地２１,東山区,簡易宿所,R2.5.28,35.0080853,135.7849009,37,9,0,57,6,62,4
id_257,秋,京都市上京区下立売通千本東入田中町４７７番地１８（１階）,上京区,簡易宿所,R1.12.5,35.0205166,135.744427,2,58,43,88,1,168,10
id_258,修証殿,京都市伏見区醍醐伽藍町1,伏見区,簡易宿所,S51.2.26,34.9514157,135.8226008,21,6,58,83,30,138,2
id_259,ＴＨＥ　ＧＥＮＥＲＡＬ　ＫＹＯＴＯ　仏光寺新町,京都市下京区新町通綾小路下る船鉾町３８５番地,下京区,旅館・ホテル,R3.3.4,35.0020481,135.7567539,2,21,27,57,0,56,5
id_260,別邸　はつな,京都市上京区六軒町通五上る末広町４５番地（家屋番号　４２番　南側）,上京区,簡易宿所,R3.12.9,35.03123,135.7411237,0,0,0,23,0,1,0
id_261,京いすけ　百足屋町　Ｈｏｋｏｍａｃｈｉ,京都市中京区新町通錦小路上る百足屋町３７８番地１０,中京区,簡易宿所,H29.3.31,35.005778,135.7572219,29,47,1,65,2,81,1
id_262,Ｋ－ｙａｒｄ,京都市右京区嵯峨野宮ノ元町４番地１，４番地１４,右京区,簡易宿所,H23.4.11,35.0148572,135.6940491,57,39,12,114,4,218,2
id_263,ＭＩＭＡＲＵ ＳＵＩＴＥＳ 京都ＣＥＮＴＲＡＬ,京都市中京区衣棚通御池下る長浜町１５４番地３,中京区,旅館・ホテル,R3.8.23,35.0102823,135.757133,1,8,2,32,0,17,1
id_264,京蘭　風鈴邸,京都市東山区松原通大和大路東入二丁目轆轤町１０９番地,東山区,簡易宿所,R7.8.28,34.9977614,135.7747502,3,10,20,64,0,42,0
id_265,雲川居,京都市上京区下立売通智恵光院西入中務町４８６番地１２４,上京区,簡易宿所,R2.4.3,35.0184637,135.7448711,32,9,29,104,8,111,7
id_266,風雅別邸　四条大宮　藍,京都市中京区壬生坊城町８番地２２（南側）,中京区,簡易宿所,R5.8.29,35.004327,135.7470798,45,7,1,93,0,62,0
id_267,映己,京都市上京区千本通寺之内上る西五辻北町４５５番地２,上京区,簡易宿所,R1.6.27,35.0341519,135.7414655,8,51,35,72,16,120,5
id_268,よつき,京都市中京区猪熊通六角下る六角猪熊町６０２番地５,中京区,簡易宿所,R6.9.12,35.0063474,135.7501233,40,41,8,71,0,95,5
id_269,ホテル燈－ａｋａｒｉ－,京都市下京区大宮通五条下る二丁目東側堀之上町５０４番地,下京区,簡易宿所,R5.12.1,34.9952063,135.7493365,9,13,14,44,2,43,3
id_270,JAPANING　HOTEL　東山東福寺,京都市東山区今熊野椥ノ森町４３番地，４５番地５,東山区,簡易宿所,H28.11.14,34.983945,135.7737224,12,4,10,39,1,37,1
id_271,Ｓｔａｙ　ＳＡＫＵＲＡ・京都祗園北,京都市左京区古川町筋仁王門下る東門前町５２８番地７，５２８番地８,左京区,簡易宿所,H30.12.26,35.0105549,135.7780663,3,15,14,81,8,68,7
id_272,鴨川せせらぎ庵　菊,京都市下京区屋形町２０番地１（北から１軒目）,下京区,簡易宿所,R3.4.26,34.9827727,135.7674879,58,33,37,90,7,140,1
id_273,京乃彩,京都市伏見区深草西浦町三丁目１４番地６,伏見区,簡易宿所,H30.3.13,34.9616199,135.7656962,2,58,6,88,2,109,2
id_274,ブリオ（新館）,京都市伏見区竹田西小屋ノ内町２６番地,伏見区,簡易宿所,H19.9.5,34.9520641,135.7472981,2,70,6,107,2,98,0
id_275,澄庵－翔園,京都市中京区油小路通蛸薬師下る山田町５１５番地,中京区,簡易宿所,R7.10.14,35.0057746,135.7535266,82,34,6,65,0,130,0
id_276,八仙,京都市東山区高台寺南門通下河原東入桝屋町36,東山区,旅館・ホテル,S39.10.15,34.9985825,135.7814265,63,6,16,69,0,92,3
id_277,椿庵・京都,京都市中京区西ノ京御輿岡町２８番地,中京区,簡易宿所,H29.7.25,35.0213156,135.7270648,43,54,8,81,3,127,18
id_278,宿きらまち　Ｉ,京都市下京区綾小路通西洞院東入新釜座町７２２番地２,下京区,簡易宿所,R2.4.7,35.003279,135.756143,18,23,58,76,7,113,5
id_279,,京都市東山区三条通神宮道東入夷町１６６番地１５(１階),東山区,施設外玄関帳場,,35.0096718,135.7834493,5,13,22,73,12,60,4
id_280,雲井　清水,京都市東山区渋谷通東大路東入三丁目瓦役町５１２番地３,東山区,簡易宿所,H30.3.22,34.9919923,135.7783536,6,14,5,75,2,30,1
id_281,ＴＡＫＥＹＡ　ＨＯＮＫＡＮ,京都市上京区今出川通七本松西入真盛町７２９番地５,上京区,簡易宿所,H27.5.22,35.0297608,135.7379312,14,66,29,96,8,167,7
id_282,Ｋｙｏｔｏ　Ｍａｃｈｉｙａ　銭屋町　藍,京都市下京区的場通新町東入銭屋町２５８番地,下京区,簡易宿所,R1.10.24,34.9943675,135.757833,9,12,0,50,1,28,0
id_283,Ｓａｎｔｉａｇｏ　Ｇｕｅｓｔｈｏｕｓｅ　Ｋｙｏｔｏ,京都市東山区五条橋東六丁目５０３番地,東山区,簡易宿所,H25.3.29,34.9945068,135.7757409,18,5,0,46,1,37,2
id_284,ＳＡＫＵＲＡ　ＩＮＮ　２,京都市下京区油小路通綾小路下る風早町５６６番地１コーポ風早２０５,下京区,簡易宿所,R2.8.31,35.0020769,135.7534405,0,4,1,23,0,6,0
id_285,成就庵,京都市上京区丸太町通松屋町西入左馬松町７９４番地,上京区,簡易宿所,R1.9.17,35.0166572,135.7481284,1,41,22,71,6,98,0
id_286,株式会社　俵屋旅館,京都市中京区麩屋町通姉小路上る中白山町278,中京区,旅館・ホテル,S37.12.12,35.0102623,135.7659155,0,7,2,21,0,11,1
id_287,灯々屋,京都市下京区土手町通正面下る紺屋町３７４番地１,下京区,簡易宿所,R1.9.4,34.9915929,135.7645662,0,15,16,66,0,46,1
id_288,ホテルメルディア四条河原町,京都市下京区河原町通松原上る二丁目富永町３５４番地２，３５４番地３，３５４番地９,下京区,簡易宿所,R1.9.2,35.0009702,135.7682878,3,0,18,65,0,41,5
id_289,京屋,京都市中京区新シ町通三条下る下一文字町３２７番地,中京区,簡易宿所,R1.10.15,35.0077667,135.7495813,16,17,0,44,1,43,0
id_290,香柏　二条,京都市中京区西ノ京右馬寮町1番地２５,中京区,簡易宿所,H30.8.28,35.0157314,135.7376541,32,41,6,61,0,101,0
id_291,Ｂａｃｋｙａｒｄ　Ｆｏｘ,京都市下京区柳馬場通綾小路下る永原町１５３番地１２,下京区,簡易宿所,R5.8.14,35.001985,135.7635578,0,0,3,19,0,5,0
id_292,宿きらまち　Ａ,京都市下京区綾小路通西洞院東入新釜座町７２２番地８,下京区,簡易宿所,H29.2.13,35.0033565,135.7561985,0,0,4,24,0,8,0
id_293,ＳＵＮＲＩＳＥ　ＳＵＩＴＥＳ,京都市南区西九条南田町４３番地９,南区,旅館・ホテル,H29.3.23,34.9789012,135.748952,66,14,18,93,6,111,2
id_294,,京都市東山区福稲柿本町２番地７,東山区,施設外玄関帳場,,34.9815805,135.7684797,0,12,14,43,4,37,1
id_295,京乃怡,京都市南区東九条北松ノ木町３９番地１３,南区,簡易宿所,H27.6.10,34.978055,135.7668686,1,0,0,31,1,4,0
id_296,地蔵庵,京都市左京区新間之町通二条下る頭町３４８番地２,左京区,簡易宿所,H28.7.27,35.012898,135.7755356,0,1,9,58,4,16,1
id_297,漱石居,京都市東山区五条橋東六丁目５８３番地２１,東山区,簡易宿所,R5.8.29,34.9954419,135.7804449,103,16,37,93,12,186,4
id_298,ザ・セレクトン京都堀川三条,京都市中京区岩上通三条下る下八文字町６９２番地，６９４番地，６９４番地１,中京区,旅館・ホテル,H30.11.16,35.0079987,135.7513396,2,0,5,41,0,14,0
id_299,丸福樓別館,京都市下京区加茂川端正面上る平岡町３２６番地,下京区,旅館・ホテル,R4.3.28,34.9921571,135.766464,3,20,3,81,2,35,1
id_300,京宿しらさぎ,京都市下京区木屋町通五条下る都市町１４３番地２２,下京区,簡易宿所,H29.8.14,34.994488,135.767168,3,3,1,28,0,15,4
id_301,Ｃｌａｐ　Ｂａｒｄ　Ｉｎｎ,京都市上京区烏丸通今出川上る岡松町２６２番地３,上京区,簡易宿所,H29.2.1,35.0299541,135.7589753,1,7,10,26,1,26,0
id_302,メゾンドココ,京都市下京区花屋町通櫛笥西入薬園町１７０番地４,下京区,簡易宿所,H30.6.14,34.9925657,135.7469991,3,20,0,70,0,48,1
id_303,金太,京都市東山区新宮川町通松原下る西御門町４６２番地,東山区,簡易宿所,H23.6.24,34.9979111,135.7702892,24,1,0,75,9,44,3
id_304,Ｐｒｉｖａｔｅ Ｃｏｎｄｏ 半字（Ｂａｎｚｉ）,京都市南区東九条西山町１２番地３,南区,簡易宿所,R2.7.27,34.9773409,135.7554511,18,10,13,67,16,80,2
id_305,鈴　花屋町　朝霧２,京都市下京区二人司町６番地２０,下京区,簡易宿所,R5.12.1,34.9918702,135.7463887,24,31,97,89,0,175,7
id_306,京町家　叶う,京都市東山区三条通南裏二筋目白川筋西入堤町５１２番地６,東山区,簡易宿所,H28.10.18,35.0087529,135.7793059,61,16,40,116,15,133,1
id_307,Ｈｉｋａｒｉ　光　Ｈｏｕｓｅ,京都市上京区油小路通一条上る二丁目革堂西町５３０番地，５２８番地１４戸１棟長屋北側２軒目,上京区,簡易宿所,H29.10.4,35.0273494,135.7531906,0,28,2,70,1,52,0
id_308,大徳寺北側　清寂の家,京都市北区紫竹西南町37-13,北区,簡易宿所,H26.6.25,35.0467258,135.7471684,18,0,2,47,9,131,0
id_309,Ｖｉｌｌａ　法然院西,京都市左京区鹿ケ谷法然院西町２０,左京区,簡易宿所,H29.3.21,35.021892,135.7926236,29,11,16,92,8,106,18
id_310,ＫＯＹＡＳＵ　ＨＯＵＳＥ,京都市左京区北白川久保田町６４番地４,左京区,簡易宿所,H30.6.20,35.02899,135.7876406,0,12,4,37,0,17,0
id_311,Ｓｔａｙ　ＳＡＫＵＲＡ　Ｋｙｏｔｏ　龍,京都市下京区黒門通五条下る柿本町５９５番地１２３，５９５番地１２４,下京区,簡易宿所,H30.8.7,34.9941022,135.7495272,0,0,16,52,1,21,3
id_312,ホテルメルディア京都四条大宮,京都市下京区大宮通綾小路下る綾大宮町６６番地,下京区,旅館・ホテル,R4.12.20,35.0015005,135.7486338,1,0,5,21,0,7,0
id_313,Ｒ＆Ｒｕｎ　Ｋｙｏｔｏ　ｓｅｒｖｉｃｅｄ　ａｐａｒｔｍｅｎｔ＆ｓｕｉｔｅｓ,京都市中京区六角通柳馬場東入大黒町７２番地１京都六角Ｎビル５階,中京区,簡易宿所,H29.7.12,35.0071647,135.7645793,4,17,0,22,0,24,0
id_314,MYTH-Rinata,京都市伏見区竹田東小屋ノ内町62,伏見区,旅館・ホテル,H16.2.20,34.9518616,135.7493252,11,11,112,96,12,165,2
id_315,常盤庵,京都市東山区大仏馬町伏見街道東入五丁目常盤町４８１番地１４,東山区,簡易宿所,H29.5.15,34.9926648,135.7762131,48,15,5,79,15,94,10
id_316,ＭＲＦ,京都市下京区綾小路通寺町西入足袋屋町３３０番地４１階，２階,下京区,簡易宿所,H29.6.27,35.0023387,135.7664104,19,56,90,74,0,190,7
id_317,零　ＩＮＮ　二条城,京都市上京区松屋町通丸太町下る藁屋町５３５番地８２,上京区,簡易宿所,H30.12.13,35.0164295,135.7487515,5,4,16,56,5,30,0
id_318,うつろい京都まるたけ庵,京都市上京区丸太町通松屋町西入左馬松町７９３番地,上京区,簡易宿所,H29.4.26,35.0167271,135.7481668,0,0,0,31,0,2,1
id_319,京宿　丸京学林庵,京都市下京区東中筋通六条下る学林町３０９番地２,下京区,簡易宿所,H30.1.11,34.9927702,135.7547457,6,5,7,28,0,20,0
id_320,ＴＡＢＩＴＡＢＩ　ＳＴＡＹ　聚楽,京都市中京区聚楽廻西町１８８番地７２,中京区,簡易宿所,R2.9.8,35.0162174,135.739545,0,17,0,43,0,21,1
id_321,雲・小池,京都市中京区西ノ京池ノ内町２３番地５８,中京区,簡易宿所,H30.2.28,35.0095577,135.7454771,32,89,5,76,2,130,0
id_322,ＳＴＡＹ　ＩＮＮ　ＡＫＡＮＥ　京都駅,京都市南区西九条池ノ内町２９番地,南区,簡易宿所,R4.11.2,34.9838693,135.7528753,21,2,2,86,16,106,0
id_323,ゲストハウス東山　じゃお,京都市東山区今熊野南日吉町１４８－７５,東山区,簡易宿所,H25.10.18,34.984474,135.7800652,6,2,5,68,2,26,0
id_324,ＣＡＭＰＴＯＮ　ＫＩＹＯＭＩＺＵ　町家棟,京都市東山区八坂通下河原東入八坂上町３６８番地１,東山区,簡易宿所,H30.8.24,34.9980788,135.7800704,2,4,2,37,4,12,0
id_325,不頼庵　BRIAN,京都市東山区弓矢町６７番地１６,東山区,簡易宿所,H26.10.17,34.9983944,135.7733243,61,15,37,110,2,147,4
id_326,ＤＯＭＯ＋　五条七夜,京都市東山区大黒町通松原下る三丁目大黒町２９５番地２,東山区,簡易宿所,R7.10.30,34.996854,135.7710004,40,2,27,77,12,97,1
id_327,ＧＵＥＳＴ　ＨＯＵＳＥ　ＤＩＳＣＯＶＥＲＹ　ＳＨＩＰ,京都市南区西九条森本町５番地,南区,簡易宿所,H30.6.19,34.9720779,135.7488785,3,7,8,68,4,27,2
id_328,石原旅館,京都市中京区柳馬場姉小路上る柳八幡町76,中京区,旅館・ホテル,S33.5.28,35.00999,135.7641126,34,114,1,77,2,173,7
id_329,京のおおぞら 祇園 輝華,京都市東山区新門前通大和大路東入四丁目松原町２７６番地５,東山区,簡易宿所,R2.3.4,35.0058858,135.7779725,0,0,41,54,6,53,2
id_330,双宿（Ｓｏｕｓｙｕｋｕ）,京都市中京区壬生辻町３８番地２５,中京区,簡易宿所,R3.6.4,34.9996136,135.7431198,2,0,0,35,0,4,0
id_331,ひろ文,京都市左京区鞍馬貴船町８７番地,左京区,旅館・ホテル,H4.6.26,35.1222104,135.7621687,0,5,5,54,5,49,0
id_332,鳥居屋,京都市東山区一橋野本町７９番地２,東山区,簡易宿所,R3.3.15,34.9857822,135.7685809,5,2,27,92,2,55,10
id_333,松葉亭,京都市東山区下河原通八坂鳥居前下る三丁目南町４０９番地,東山区,旅館・ホテル,H14.6.12,34.9991291,135.7789578,4,1,4,17,0,13,0
id_334,ＭＡＤＯＫＡ　Ｋｙｏｔｏ　ｓｔａｔｉｏｎ　ｗｅｓｔ,京都市南区猪熊通八条上る戒光寺町１８８番地１、１８８番地８,南区,簡易宿所,R2.4.14,34.9847551,135.7506646,0,6,0,25,0,7,0
id_335,京の宿　祇園佐の,京都市東山区高台寺北門通下河原東入鷲尾町504,東山区,旅館・ホテル,S38.9.14,35.0016769,135.7792874,4,2,4,21,4,16,0
id_336,,京都市中京区六角通猪熊西入鍛冶屋町３５３番地,中京区,施設外玄関帳場,,35.0072621,135.7496093,5,5,0,23,0,11,0
id_337,ゲストハウス壬生三条,京都市中京区壬生天池町３２番地２６,中京区,簡易宿所,H28.3.22,35.0071643,135.7404399,48,62,10,85,3,127,1
id_338,料理旅館　花楽,京都市東山区園町南側４９９番地,東山区,旅館・ホテル,R4.9.30,34.9926102,135.7748632,118,2,25,91,12,165,4
id_339,Kujo Stays　松,京都市南区東九条中殿田町８番地,南区,簡易宿所,H28.7.29,34.9810998,135.7557207,10,1,1,53,4,175,0
id_340,ＨＯＴＥＬ　ＬｉＶＥＭＡＸ　ＢＵＤＧＥＴ　京都五条,京都市下京区猪熊通五条西入柿本町６９８－２，６９８－３,下京区,旅館・ホテル,H26.2.14,34.9960609,135.7505042,0,4,4,27,0,9,1
id_341,リーガロイヤルホテル京都,京都市下京区東堀川通塩小路下る松明町１番地,下京区,旅館・ホテル,H27.3.27,34.986713,135.7522534,15,3,0,58,1,27,5
id_342,お宿　東福寺２,京都市東山区福稲御所ノ内町７番地２８,東山区,簡易宿所,H29.6.22,34.9797402,135.7699052,5,7,2,56,1,22,3
id_343,ゲストハウス京洛や金閣寺,京都市北区平野宮西町５２番地,北区,簡易宿所,H30.1.12,35.0347212,135.7315723,1,0,2,36,2,23,0
id_344,東雲庵,京都市南区西九条西柳ノ内町３６番地１０,南区,簡易宿所,R5.9.29,34.9758694,135.7513867,10,1,1,52,3,25,0
id_345,ゲストハウス　みやこ,京都市上京区竹屋町通千本東入主税町９９２番地,上京区,簡易宿所,H29.7.25,35.0175127,135.7448119,4,0,18,50,2,51,3
id_346,南禅会館,"京都市左京区南禅寺福地町86,86-6,86-786-11,86-17,86-18",左京区,簡易宿所,H23.3.8,35.010899,135.7919382,37,11,2,70,6,64,7
id_347,京都糸屋ホテル,京都市下京区烏丸通高辻下る薬師前町７１２番地，７１１番地,下京区,旅館・ホテル,H25.1.28,34.999146,135.7593969,2,25,70,77,3,110,7
id_348,モダンハウス,京都市下京区二ノ宮町通正面下る上二之宮町３９８番地，４１８番地１２,下京区,簡易宿所,H30.10.17,34.9909033,135.7667602,3,0,4,21,0,14,0
id_349,,京都市下京区高倉通花屋町下る若松町４３３番地１,下京区,施設外玄関帳場,,34.9925195,135.7625031,24,10,0,55,0,36,0
id_350,二条凰庵,京都市上京区竹屋町通千本東入主税町１２１５番地１,上京区,簡易宿所,H28.3.10,35.0170742,135.7468963,9,132,27,83,6,181,5
id_351,カプセルホテル　漫遊堂,"京都市左京区田中西大久保町１４番地,１４番地２島田第２ビル　１F",左京区,簡易宿所,H29.7.28,35.037388,135.7814683,2,0,8,66,3,39,0
id_352,京都かまんざホテル,京都市中京区釜座通二条下る上松屋町７０２番地,中京区,旅館・ホテル,H30.4.26,35.0126462,135.755571,7,9,8,93,3,54,1
id_353,ゲストハウス　たきの,京都市上京区今小路通御前通西入紙屋川町１０１５番地３０,上京区,簡易宿所,R3.3.4,35.0276664,135.7340069,1,47,27,75,4,85,5
id_354,Ｅｎｓｏ　Ｍａｃｈｉｙａ,京都市上京区大宮通元誓願寺下る北之御門町５７３番地,上京区,簡易宿所,R1.10.17,35.0281742,135.7489888,0,0,5,33,0,23,1
id_355,ＺＥＮ,京都市伏見区深草泓ノ壺町７番地１,伏見区,簡易宿所,R1.9.19,34.9467554,135.7597048,0,8,5,22,2,19,0
id_356,ＢＪ　Ｆａｍｉｌｙ　Ｈｏｕｓｅ,京都市下京区河原町通七条上る住吉町３４５,下京区,簡易宿所,H23.3.7,34.9902363,135.7643863,51,4,4,69,0,70,5
id_357,京都ゲストハウスたい,京都市伏見区深草直違橋２丁目４４７番地６,伏見区,簡易宿所,H29.8.28,34.9543242,135.7697973,1,1,3,21,4,18,0
id_358,ＨＯＴＥＬこのへんのアジア,京都市伏見区羽束師菱川町３８５番地７,伏見区,簡易宿所,R5.3.15,34.9332648,135.7152095,0,44,70,68,12,286,1
id_359,宿きらまち　Ｅ,京都市下京区綾小路通西洞院東入新釜座町７２２番地４,下京区,簡易宿所,R1.7.29,35.0032015,135.7562168,24,29,6,106,3,77,1
id_360,ＮＩＣＯＨ　ＭＡＮＪＵＪＩ,京都市下京区高倉通松原下る西入福田寺町６０番地４,下京区,簡易宿所,R7.12.18,34.998058,135.7618077,51,23,0,75,0,91,7
id_361,京都鴨川のお宿　たまみ,京都市下京区二ノ宮町通七条上る下二之宮町439番地,下京区,簡易宿所,H28.3.9,34.9897919,135.7667602,0,0,12,49,0,17,3
id_362,ひいらぎ,京都市上京区千本通一条上る北伊勢殿構町６７５番地７,上京区,簡易宿所,H28.6.24,35.0268231,135.7428331,8,51,64,65,16,224,7
id_363,樂・唐橋町　順,京都市南区西九条唐橋町２２番地,南区,簡易宿所,R7.7.9,34.9810464,135.751534,10,7,19,53,0,102,1
id_364,Ｔｈｅ　Ｒｏｏｔ２　Ｈｏｕｓｅ　Ａｃｅ,京都市南区東九条南山王町９番地１,南区,簡易宿所,R6.3.27,34.9815423,135.7615948,43,1,0,61,4,61,0
id_365,宿ルＫＹＯＴＯ ＨＡＮＡＲＥ 奏ノ宿,京都市中京区壬生坊城町６６番地１６,中京区,簡易宿所,H30.7.31,35.005241,135.7466887,51,74,11,86,11,148,1
id_366,ｃｏｃｏｏｎ ｋｙｏｔｏ,京都市東山区一橋宮ノ内町７番地１６,東山区,簡易宿所,R1.7.18,34.9883001,135.7687537,0,5,12,54,0,19,0
id_367,Ｒａｋｕｔｅｎ　ＳＴＡＹ　Ｋｙｏｔｏ　Ｓｔａｔｉｏｎ,京都市南区東九条東岩本町１５番地,南区,旅館・ホテル,R3.4.5,34.9841234,135.7644547,4,14,3,94,6,68,2
id_368,ゲストハウス京和,京都市南区東九条北松ノ木町２９番地１０，４８番地９,南区,簡易宿所,H29.7.26,34.9795217,135.7665953,5,14,21,104,1,42,0
id_369,花築京都青楓,京都市右京区西院西三蔵町２５番地,右京区,簡易宿所,H30.12.27,35.0019349,135.7313292,1,8,0,32,1,23,0
id_370,桃夭庵,京都市南区東九条北松ノ木町３３番地２（東棟）,南区,簡易宿所,R4.10.6,34.9795006,135.7667078,3,5,3,22,1,13,0
id_371,松庵,京都市南区東九条松田町２２番地６,南区,簡易宿所,H30.1.5,34.9745761,135.7550601,4,0,2,26,1,8,0
id_372,ＴＨＥ　ＰＯＣＫＥＴ　ＨＯＴＥＬ　京都烏丸五条,京都市下京区五条通烏丸東入松屋町４２３番地,下京区,簡易宿所,R2.8.3,34.9964837,135.7603759,0,0,0,16,0,0,0
id_373,虹の家,京都市伏見区竹田中島町４番地６,伏見区,簡易宿所,H29.7.11,34.9635153,135.7595267,0,7,5,24,0,30,0
id_374,ドミール東洞院,京都市下京区東洞院通七条上る飴屋町２４３番地，２４５番地ドミール東洞院　１０６号室,下京区,簡易宿所,H29.9.20,34.9895752,135.761286,22,21,4,74,0,64,7
id_375,中村屋ゲストハウス円町別邸,京都市上京区下立売通御前通西入突抜町４３６番地,上京区,簡易宿所,H31.4.4,35.0202871,135.7347058,0,7,4,25,1,17,0
id_376,,京都市南区東九条上御霊町４０番地２（東側）,南区,施設外玄関帳場,,34.9798412,135.7637609,0,4,1,50,0,19,1
id_377,ＨＯＴＥＬ　ＩＭＡＧＩＮＥ　ＫＹＯＴＯ,京都市南区東九条北烏丸町１９番地１,南区,簡易宿所,H31.1.28,34.981724,135.7607703,24,16,3,91,1,119,2
id_378,清水の間,京都市下京区西木屋町通五条下る南京極町５９番地９,下京区,簡易宿所,H30.4.18,34.9943248,135.7663076,3,0,3,23,0,10,0
id_379,ひろや,京都市左京区鞍馬貴船町56,左京区,旅館・ホテル,S48.8.4,35.1223295,135.7634712,3,40,17,89,1,111,7
id_380,わじまや旅館,京都市下京区上珠数屋町通不明門東入高槻町３３９,下京区,旅館・ホテル,S54.8.21,34.9923741,135.7604825,8,10,8,42,2,35,1
id_381,,京都市南区西九条針小路町５５番地,南区,施設外玄関帳場,,34.9829605,135.7515617,1,0,0,29,0,6,1
id_382,洛庵．梅,京都市上京区今出川通御前通東入社家長屋町６９０番地３（２階・３階）,上京区,簡易宿所,R2.2.12,34.9872052,135.774454,8,8,5,77,12,65,13
id_383,心の郷・月,京都市伏見区深草鈴塚町２番地２０,伏見区,簡易宿所,R1.10.25,34.9692696,135.7680841,9,7,0,74,9,34,0
id_384,粟田口　宇庵　風,京都市東山区粟田口鍛冶町６番地,東山区,簡易宿所,H29.5.10,35.0087536,135.7849027,7,36,35,85,12,158,4
id_385,Ｗｕｚ　御所,京都市上京区椹木町通室町東入養安町２４２番地１３,上京区,簡易宿所,R7.2.12,35.018356,135.7588148,8,7,27,90,1,72,1
id_386,ＲＥＳＩＳＴＡＹ　お宿はち,京都市下京区下珠数屋町通間之町西入西玉水町２８１番地,下京区,簡易宿所,R4.7.19,34.9904615,135.7617751,24,4,27,90,3,67,7
id_387,京都鞍馬ＩＮＮ,京都市上京区上御霊前通烏丸東入上御霊前町４１２番地，４１２番地３，４１２番地４，４１２番地７４戸１棟長屋の南から２軒目,上京区,簡易宿所,R2.6.16,35.0363791,135.7594751,0,2,2,48,0,24,1
id_388,蛮子小路　四,京都市下京区小坂町７番地１０,下京区,簡易宿所,R1.7.29,34.9936431,135.7454448,1,7,17,30,0,29,0
id_389,翠苑,京都市中京区壬生森町４９番地,中京区,簡易宿所,R1.6.12,35.0047282,135.7375801,6,54,8,87,3,79,5
id_390,株式会社旅庵花月,京都市中京区六角通東洞院東入滕屋町191,中京区,旅館・ホテル,H6.4.27,35.0078172,135.7616083,6,54,25,78,0,120,7
id_391,株式会社　炭屋旅館,京都市中京区麩屋町通三条下る白壁町431,中京区,旅館・ホテル,S24.8.4,35.008291,135.7658185,8,9,12,99,0,59,1
id_392,ＨＩＧＡＳＨＩＹＡＭＡ　ＨＩＬＬＳ,京都市東山区三条通北裏白川筋西入二丁目東姉小路町４２１番地１,東山区,簡易宿所,R5.6.26,35.0102008,135.7791627,0,0,0,55,4,20,2
id_393,有限会社　たき川旅館　本館,京都市下京区東洞院通花屋町下る富田町365,下京区,旅館・ホテル,S34.3.19,34.9932161,135.7608634,10,2,2,56,1,27,0
id_394,ＳｌｏｗＴｉｍｅホテル京都,京都市下京区中堂寺庄ノ内町２４番地６,下京区,簡易宿所,R2.11.11,34.9983941,135.736372,4,4,32,94,3,49,5
id_395,戒光庵,京都市南区西九条戒光寺町１２番地２,南区,簡易宿所,H28.7.11,34.984889,135.7511185,0,0,1,44,0,6,0
id_396,７ＩＮＮ,京都市南区東九条北松ノ木町２４番地８,南区,簡易宿所,R7.8.28,34.9783257,135.7660104,34,2,4,101,6,73,0
id_397,菊の里,京都市南区西九条東比永城町４９番地,南区,簡易宿所,R3.3.19,34.9784873,135.7504796,4,17,16,80,8,186,2
id_398,お宿　東寺２,京都市南区西九条東柳ノ内町５４番地１８、５４番地１９（１、２Ｆ）,南区,簡易宿所,R6.11.26,34.975506,135.7529642,0,0,9,60,0,28,1
id_399,四季の宿,京都市山科区竹鼻竹ノ街道町４４番地４（家屋番号４４番４の３）,山科区,簡易宿所,H30.2.14,34.9889802,135.8162562,9,31,17,84,3,69,4
id_400,京蘭　夕顔邸,京都市東山区今熊野椥ノ森町４１番地９,東山区,簡易宿所,R7.9.12,34.984484,135.7742453,7,2,32,92,39,99,10
id_401,ＭＵＮＩ　ＫＹＯＴＯ,京都市右京区嵯峨天龍寺芒ノ馬場町３番地,右京区,旅館・ホテル,R2.6.30,35.0146589,135.6757445,0,0,1,25,0,3,0
id_402,ＨＯＴＥＬ　ｔｏｎｉｍａｒｕ（ホテル　とにまる）,京都市東山区五条橋東六丁目５３９番地１,東山区,簡易宿所,H30.8.29,34.9950132,135.7809247,7,16,37,96,15,96,1
id_403,Ｔｈｉｒｄ＆Ｐｌａｃｅ　京都　四条大宮,京都市中京区壬生梛ノ宮町１１番地１３，１１番地１７，１１番地２３,中京区,簡易宿所,R3.7.20,35.0027448,135.7434462,0,6,5,65,0,17,0
id_404,ＪＡＭ　ＨＯＳＴＥＬ　ＫＹＯＴＯＧＩＯＮ,京都市東山区大和大路通四条上る常盤町１７０番地,東山区,簡易宿所,H24.1.26,35.004928,135.772437,48,31,32,96,30,185,4
id_405,京都　桔梗,京都市南区東九条西岩本町３５番地１９，３５番地２４,南区,簡易宿所,H30.3.28,34.9827952,135.7637979,0,1,6,43,5,16,0
id_406,花園会館,"京都市右京区花園木辻北町 1-5,1-4",右京区,旅館・ホテル,H8.2.16,35.0209312,135.7227861,133,95,1,88,3,261,2
id_407,さらんばん　２,京都市中京区壬生仙念町１０番地３　６階,中京区,簡易宿所,H28.8.2,35.0033732,135.7355853,0,25,3,44,0,32,0
id_408,小坂町宿,京都市下京区小坂町１６番地２５,下京区,簡易宿所,R4.2.24,34.9935573,135.7468884,0,3,0,21,0,5,0
id_409,渡庵,京都市南区東九条南松ノ木町３５番地，３５番地１,南区,簡易宿所,H28.11.7,34.9772413,135.7650149,3,2,17,99,8,160,2
id_410,Ｖｉｌｌａ　Ａｚｕｍａ,京都市中京区壬生高樋町２０番地１９,中京区,簡易宿所,H30.12.4,35.0034525,135.7399116,1,0,1,28,0,6,1
id_411,リバーサイド高瀬,京都市下京区木屋町通上ノ口上る聖真子町172-1,下京区,簡易宿所,S60.4.27,34.9933072,135.7657327,7,0,12,50,0,20,0
id_412,壬生宿　観柳斎,京都市下京区西酢屋町２番地（家屋番号２４東側１Ｆ）,下京区,簡易宿所,R3.8.16,34.9894626,135.7462684,5,37,119,115,0,171,7
id_413,蛮子民宿　金閣寺,京都市北区紫野南花ノ坊町３３番地６,北区,簡易宿所,H30.8.29,35.0388915,135.7378219,7,40,10,110,18,89,2
id_414,香柏　金閣　鳳,京都市北区紫野下柏野町１０番地,北区,簡易宿所,R2.11.13,35.0343233,135.737099,32,11,6,68,1,70,4
id_415,鈴　花屋町　朝霧５,京都市下京区二人司町６番地１７,下京区,簡易宿所,R5.12.1,34.9918702,135.7463887,17,27,22,83,2,75,5
id_416,たび宿　ちりん,京都市東山区今熊野池田町３７番地１５,東山区,簡易宿所,R1.12.26,34.9861392,135.7724817,29,8,41,54,1,86,3
id_417,京都千楽,京都市中京区西洞院通六角下る池須町４１９番地３,中京区,簡易宿所,H28.3.22,35.00661,135.7548556,2,3,6,46,0,18,1
id_418,Ｋｙｏｔｏ　Ｈａｎａ　Ｈｏｓｔｅｌ,京都市下京区不明門通七条上る粉川町２２９番地,下京区,簡易宿所,H22.4.27,34.9896989,135.760556,1,10,14,50,1,33,1
id_419,御宿　敬　Guesthouse KEI,京都市下京区岩上通綾小路下る雁金町415番地1,下京区,簡易宿所,H28.3.11,35.0015891,135.7511305,18,25,32,77,3,79,1
id_420,季・唐物町,京都市下京区富小路通花屋町下る唐物町４５２番地,下京区,簡易宿所,R7.7.31,34.9931087,135.7634149,27,31,4,82,3,76,1
id_421,ＨＯＭＥ　ＩＮＮ　九条河原町,京都市南区東九条北松ノ木町２５番地３，２５番地１３,南区,簡易宿所,R1.11.15,34.9785288,135.7658215,4,40,17,96,8,72,2
id_422,Ｋｙｏｔｏ　Ｋｕｊｏ　Ｉｎｎ,京都市南区東九条中御霊町６５番地,南区,簡易宿所,H30.5.28,34.978016,135.7624404,62,12,20,85,1,98,2
id_423,,京都市南区東九条中御霊町４６,南区,施設外玄関帳場,,34.9791438,135.7613819,11,0,0,23,1,14,0
id_424,桜の宿　影庵,京都市南区唐橋高田町２３番地９,南区,簡易宿所,R7.12.1,34.9811092,135.7422618,30,23,9,53,0,98,0
id_425,京　Suite　華な乃,京都市下京区楊梅通新町東入上柳町２２５番地２,下京区,簡易宿所,H29.5.9,34.9957287,135.7576084,3,0,3,21,0,8,0
id_426,ゲストハウス新町,京都市南区東九条下殿田町１５番地１６,南区,簡易宿所,H30.6.28,34.9804179,135.7566601,0,10,12,56,4,38,1
id_427,鹿麓,京都市左京区鹿ケ谷西寺ノ前町28番1,左京区,簡易宿所,H17.5.12,35.0200753,135.7921782,1,7,12,52,0,49,3
id_428,川溿,京都市下京区加茂川端六軒町下る八ツ柳町３５６番地１,下京区,簡易宿所,H30.5.22,34.9932616,135.7670565,21,35,29,90,0,98,7
id_429,東横ＩＮＮ京都二条城南,京都市中京区堀川通三条下る橋浦町２２３番地,中京区,旅館・ホテル,R5.1.19,35.0078331,135.7520967,16,3,1,45,1,31,0
id_430,京蘭　東福邸,京都市東山区福稲柿本町１７番地５８,東山区,簡易宿所,R6.3.29,34.980064,135.7687279,8,2,14,31,2,32,1
id_431,アーバン樹下京都駅前,京都市下京区下魚棚通油小路東入東町５８１番地,下京区,簡易宿所,H30.2.1,34.988275,135.7537274,0,5,7,33,0,18,0
id_432,ＫＩＯＲＩ　Ｈｏｔｅｌ　Ｔａｋａｋｕｒａ,京都市中京区高倉通三条下る丸屋町１６５番地,中京区,旅館・ホテル,R3.3.2,35.0078759,135.7623222,6,7,8,86,3,33,7
id_433,参の局,京都市上京区出水通淨福寺西入東神明町297番地,上京区,簡易宿所,H26.6.10,35.0209902,135.7443979,1,51,27,82,0,82,0
id_434,別邸　かざみ,京都市上京区六軒町通五上る末広町４５番地（家屋番号　４３番）,上京区,簡易宿所,R3.12.9,35.03123,135.7411237,2,8,7,25,1,25,3
id_435,聞法会館,京都市下京区堀川通花屋町上る柿本町600-1,下京区,旅館・ホテル,H9.7.24,34.9937481,135.7518764,3,4,0,28,0,11,0
id_436,ＳａｎＫｏｋｕＢａｓｈｉｒａ　Ｈｏｕｓｅ,京都市上京区笹屋町通千本東入笹屋町三丁目６１０番地,上京区,簡易宿所,R2.8.25,35.0283175,135.7436497,8,58,25,81,1,177,7
id_437,京都セントラルイン,京都市下京区四条通寺町東入二丁目御旅町３０番地,下京区,簡易宿所,R2.11.5,35.0039609,135.7680974,3,1,4,28,0,11,1
id_438,京蘭　桜花邸,京都市南区東九条西御霊町２９番地７,南区,簡易宿所,R6.12.2,34.9791938,135.7608378,24,11,21,86,1,70,0
id_439,五条ゲストハウス,京都市東山区五条橋東３丁目３９６－２,東山区,簡易宿所,H15.8.26,34.9953489,135.7722766,111,2,25,70,2,158,4
id_440,美山荘,京都市左京区花脊原地町３７５,左京区,旅館・ホテル,H14.6.5,35.2332787,135.7931216,3,0,5,22,1,22,1
id_441,ゲストハウス　お地蔵屋,京都市東山区耳塚通五条下る二丁目蛭子町北組２８２番地１,東山区,簡易宿所,H28.3.14,34.9927163,135.7702875,1,0,5,26,0,9,1
id_442,无量光,京都市南区東寺東門前町５４番地２,南区,簡易宿所,H29.2.14,34.9829966,135.7497264,4,3,23,112,25,62,2
id_443,太秦ありがとうハウス,京都市右京区太秦森ケ前町１１番地１８,右京区,簡易宿所,R7.9.12,35.0122131,135.7130735,46,31,1,44,1,89,1
id_444,開化（南）,京都市北区紫野上門前町６６番地　南側,北区,簡易宿所,H29.11.27,35.0453734,135.7478508,0,6,0,55,9,58,0
id_445,アゴーラ　京都四条,京都市下京区四条通油小路東入傘鉾町３６番地,下京区,旅館・ホテル,R3.4.26,35.0038248,135.7543197,25,35,37,88,3,106,1
id_446,ランドーレジデンシャルホテル京都スイーツ,京都市南区東九条北松ノ木町３８番地１,南区,簡易宿所,R1.10.24,34.9785128,135.7666663,25,16,3,100,8,71,2
id_447,今熊野テラス　道八庵,京都市東山区今熊野南日吉町１１１番地１北から３軒目,東山区,簡易宿所,R1.8.15,34.9857818,135.7787647,10,2,52,115,15,86,4
id_448,ゲストハウス　和　Ｇｕｅｓｔ　Ｈｏｕｓｅ　ＷＡ,京都市下京区七条通猪熊東入西八百屋町１５２番,下京区,簡易宿所,H24.5.11,34.9892778,135.751062,21,25,83,80,0,151,1
id_449,ＲＥＴＯＵＲ　ＫＹＯＴＯ（Ｃ棟）,京都市右京区京北上黒田町倉谷２番地１（東棟）,右京区,簡易宿所,R4.8.15,35.2074166,135.7512378,18,12,0,57,1,35,0
id_450,タッセルイン京都　河原町二条,京都市中京区新椹木町通二条上る角倉町２２６番地,中京区,簡易宿所,R3.10.19,35.0136542,135.768348,7,0,0,29,0,10,0
id_451,ゲストハウス　月と,京都市左京区聖護院山王町１９番地７,左京区,簡易宿所,H29.2.1,35.0175313,135.779586,19,14,14,78,6,65,7
id_452,ＨＯＴＥＬ　ＴＨＥ　ＰＯＩＮＴ　京都駅南,京都市南区東九条東山王町３０番地７,南区,簡易宿所,R1.12.19,34.9824204,135.7625186,3,0,12,62,6,26,0
id_453,ＲＥＳＩＤＥＮＣＥ　ＪＯ　ＪＹＵＧＯ,京都市下京区富小路通綾小路下る塗師屋町８２番地１,下京区,簡易宿所,H30.11.22,35.0022219,135.7647421,9,0,0,48,1,15,1
id_454,フォーシーズンズホテル＆ホテルレジデンス,京都市東山区妙法院前側町４４５番地３,東山区,旅館・ホテル,H28.9.30,34.9911813,135.7757224,57,2,104,103,2,180,5
id_455,くらま山　歓喜園,京都市左京区鞍馬本町1074-2,左京区,旅館・ホテル,S43.2.14,35.1139684,135.7736976,0,0,0,30,1,3,1
id_456,日日荘,京都市北区小山南上総町２番地４,北区,簡易宿所,H29.1.5,35.0401652,135.7582098,69,8,4,70,1,112,3
id_457,高瀬川　花衣（はなごろも）,京都市下京区木屋町通松原下る材木町４４６番地１１,下京区,簡易宿所,H29.6.14,34.9981778,135.7683896,0,3,0,18,0,3,0
id_458,ＶｉｌｌａＦｒｏｎｔ　Ｋｙｏｔｏ　Ｓｅｉｍｅｉ,京都市上京区葭屋町通一条上る晴明町８１６番地１，８１６番地２,上京区,簡易宿所,H30.3.6,35.0272765,135.7510069,6,0,18,65,3,37,5
id_459,憩　東寺　ゲストハウス,京都市南区西九条比永城町１９番地５,南区,簡易宿所,H30.12.17,34.9772983,135.7494632,0,0,0,22,0,41,0
id_460,ジチェン１,京都市東山区清閑寺池田町３５番地１１,東山区,簡易宿所,H30.4.19,34.9911635,135.7813356,8,2,0,27,2,16,0
id_461,時の宿・東福寺,京都市東山区福稲柿本町１６番地３，１６番地４,東山区,簡易宿所,H30.10.16,34.9798081,135.7684544,7,0,0,30,2,15,2
id_462,紡　七条鍵屋町　南棟,京都市下京区若宮通正面下る鍵屋町６４５番地,下京区,簡易宿所,R2.4.8,34.9905708,135.7559183,18,27,4,72,2,53,1
id_463,五右衛門,京都市伏見区桃山井伊掃部西町５番地７６,伏見区,簡易宿所,H29.1.18,34.9409128,135.7655816,11,161,25,88,1,202,0
id_464,京蘭　幻花邸,京都市南区東九条南山王町１６番地１,南区,簡易宿所,R7.10.9,34.9817567,135.7621872,0,25,30,61,1,237,1
id_465,Ｅｘｐｏ　Ｃｏｔｔａｇｅ　船,京都市北区紫野南舟岡町７２番地３,北区,簡易宿所,H31.4.22,35.0372442,135.7454078,67,14,2,104,39,214,2
id_466,京恋　清桜,京都市東山区大和大路通五条下る石垣町東側６２番地,東山区,簡易宿所,R1.5.17,34.9941862,135.771801,18,0,12,50,4,47,0
id_467,ＷＡＳＵＫＩ円町,京都市上京区御前通西裏上ノ下立売西入行衛町４７４番地７,上京区,簡易宿所,R7.10.9,35.0204096,135.7335834,4,17,12,47,0,40,0
id_468,Ｍｅｅｔ　清水寺,京都市東山区五条通若宮八幡前南入慈法院庵町５８９番地６,東山区,簡易宿所,H30.1.30,34.9932877,135.775477,45,12,37,96,39,165,4
id_469,先斗町別邸　将庵,京都市中京区東木屋町通四条上る鍋屋町２３２番地１２,中京区,簡易宿所,R4.3.11,35.0044188,135.7711578,0,13,2,40,0,22,0
id_470,Ｇｕｅｓｔ　Ｈｏｕｓｅ　Ｏｎｅ　Ｍｏｒｅ　Ｈｅａｒｔ　ａｔ　Ｈｉｇａｓｈｉ　Ｏｔｏｗａ,京都市東山区東大路通五条下る東音羽町５９９番地,東山区,簡易宿所,R5.4.28,34.9928939,135.777026,61,15,7,111,18,112,5
id_471,新稲荷,京都市伏見区深草鈴塚町１番地２６,伏見区,簡易宿所,R4.10.28,34.9697311,135.7681211,0,7,7,18,2,29,0
id_472,「京の温所」竹屋町,京都市中京区竹屋町通西洞院東入指物屋町３７１番地,中京区,簡易宿所,R2.7.17,35.0163625,135.7561298,57,62,1,107,0,139,10
id_473,Ｏｈａｎａ,京都市下京区櫛笥通丹波口下る裏片町１８１番地１６,下京区,簡易宿所,H30.6.18,34.993165,135.7470783,3,3,0,22,0,9,0
id_474,株式会社　兵衛,京都市左京区鞍馬貴船町１０１番地,左京区,簡易宿所,H25.5.17,35.1263272,135.764428,27,43,4,92,1,141,25
id_475,不思議な宿,京都市下京区東洞院通六条上る橋詰町１２８番地１,下京区,簡易宿所,R1.6.27,34.9941525,135.7611764,0,21,25,73,7,56,1
id_476,待賢院,京都市上京区黒門通丸太町上る小伝馬町５３９番地,上京区,簡易宿所,H28.11.8,35.0177881,135.749461,2,12,6,89,8,184,1
id_477,彩松　鴨川,京都市南区東九条北松ノ木町３９番地３７,南区,簡易宿所,H29.10.19,34.977854,135.7670298,0,0,0,22,1,3,0
id_478,メルディアステイ二条城,京都市中京区姉小路通堀川西入樽屋町４７３番地,中京区,簡易宿所,R2.12.22,35.0096135,135.7513026,22,37,1,58,3,67,0
id_479,京町　夢二,京都市中京区壬生上大竹町１６番地１,中京区,簡易宿所,H29.8.28,35.0082587,135.7350006,133,62,28,110,7,255,10
id_480,Ｌｕｎａ宿京都二条　（Ｌｕｎａ　Ｙａｄｏ　Ｋｙｏｔｏ　Ｎｉｊｏ）,京都市上京区浄福寺通一条下る東西俵屋町６６８番地３,上京区,簡易宿所,H29.11.13,35.0259953,135.7440843,1,41,0,57,0,58,5
id_481,百代家　京都　鎌屋町,京都市下京区東堀川通下魚ノ棚下る鎌屋町１３番地,下京区,簡易宿所,R7.10.31,34.9961959,135.75972,17,51,20,82,3,99,5
id_482,ＪＰ　ＲＥＳＥＲＶＥ　毘沙門町,京都市下京区若宮通五条下る毘沙門町４３番地,下京区,簡易宿所,R6.9.25,34.9956842,135.7560504,51,3,27,74,3,105,7
id_483,めぐみ庵　西院邸,京都市中京区壬生東土居ノ内町１０番地４４,中京区,簡易宿所,H30.4.3,35.0013496,135.7356503,0,73,14,65,1,91,3
id_484,ＥＮＲＡＫＵ,京都市中京区西ノ京左馬寮町８番地２７,中京区,簡易宿所,H30.5.21,35.0169398,135.736734,34,44,6,64,7,97,5
id_485,中島家,京都市下京区高倉通仏光寺上る西前町３６９番地,下京区,旅館・ホテル,S51.4.1,35.0017468,135.7624998,33,3,25,67,2,93,13
id_486,Ｇｕｅｓｔ　Ｈｏｕｓｅ　Ｏｎｅ　Ｍｏｒｅ　Ｈｅａｒｔ  ａｔ　Ｋｙｏｔｏ　Ｓｔａｔｉｏｎ　Ｓｏｕｔｈ４,京都市南区東九条中殿田町１５番地１５,南区,簡易宿所,R2.4.28,34.9813513,135.7577348,32,43,63,82,1,152,2
id_487,Ｍｉｒｕ　Ｋｙｏｔｏ　Ｎｉｓｈｉｋｉ,京都市中京区柳馬場通六角下る井筒屋町４２４番地,中京区,旅館・ホテル,H30.6.20,35.0064112,135.7641792,5,1,1,24,0,12,1
id_488,京都市野外活動施設花背山の家,京都市左京区花脊別所町３９９番地,左京区,簡易宿所,H23.6.2,35.1722745,135.7855383,0,0,0,41,0,3,0
id_489,ＢｏＢｏ　Ｈｏｕｓｅ,京都市上京区大宮通寺之内上る三丁目筋違橋町５４５番地,上京区,簡易宿所,R2.3.26,35.0368319,135.7490168,11,151,104,115,8,303,7
id_490,京都北野天満宮前Ａ棟,京都市上京区御前通今出川上る鳥居前町６６４番地４７,上京区,簡易宿所,H29.1.12,35.0315581,135.7368803,2,66,35,93,6,118,7
id_491,夏様・丹波口,京都市下京区西新屋敷下之町２８番地４（中）,下京区,簡易宿所,R6.4.26,34.9926343,135.74346,0,2,3,64,1,6,0
id_492,京都マイペンション,京都市右京区西院小米町34,右京区,簡易宿所,S57.12.27,35.0039677,135.7247032,40,25,0,69,3,86,0
id_493,ホテルサンデーブランチ,京都市東山区東大路松原上ル４丁目西入毘沙門町４４番地の４８,東山区,旅館・ホテル,H15.5.2,35.000307,135.7764197,14,1,10,42,1,28,1
id_494,Ｂ＆Ｂ　宇凪院,京都市下京区西洞院通松原下る永倉町５６３番地,下京区,簡易宿所,R1.7.19,34.9983821,135.7554581,0,5,0,30,0,5,0
id_495,京小宿　華乃家,京都市下京区綾小路通東洞院東入神明町722番地3,下京区,簡易宿所,H26.8.8,35.0028998,135.7616625,0,12,0,53,0,23,8
id_496,御屋・藤,京都市南区東九条東御霊町１番地３,南区,簡易宿所,R3.5.25,34.97748,135.7633258,1,6,0,44,2,103,0
id_497,鈴　四条町家,京都市下京区綾小路通油小路東入芦刈山町１１２番地２,下京区,簡易宿所,H29.5.17,35.0025599,135.753977,12,3,25,64,2,50,5
id_498,,京都市南区東九条南烏丸町１４番地９,南区,施設外玄関帳場,,34.977307,135.7591088,3,2,0,27,0,18,0
id_499,Ｊｉｚｏ　Ｈｏｕｓｅ,京都市東山区今熊野南日吉町３０番地８,東山区,簡易宿所,H28.7.15,34.984371,135.7785833,54,16,46,116,48,241,4
id_500,京御宿　蔵々,京都市南区東九条上殿田町２３番地５,南区,簡易宿所,H30.11.28,34.9823255,135.7589932,30,3,24,91,8,69,0
id_501,,京都市中京区壬生高樋町１３番地２４,中京区,施設外玄関帳場,,35.002606,135.7414229,32,54,6,72,3,107,1
id_502,ＫＹＯＳＴＡＹいろは　夏椿,京都市南区西九条針小路町２２番地１,南区,簡易宿所,H31.4.23,34.9823302,135.7511578,2,9,34,65,4,54,0
id_503,乃斯（ナイス）,京都市山科区竹鼻地蔵寺南町３番地１,山科区,簡易宿所,H29.11.9,34.9869881,135.8153038,4,0,0,42,1,7,2
id_504,京蘭　富士邸,京都市東山区大仏南門通大和大路東入上池田町５４０番地８,東山区,簡易宿所,R7.9.12,34.9859314,135.7711726,40,15,70,84,2,136,5
id_505,Ｐｒｉｖａｔｅ　Ｒｅｓｉｄｅｎｃｅ　夜桜,京都市下京区八条通黒門東入坊門中之町６１２番地,下京区,簡易宿所,H30.9.11,34.9866588,135.750442,19,3,4,70,0,40,1
id_506,Ｍｉｎｎ　Ｎｉｊｏ‐ｊｏ,京都市中京区神泉苑通御池下る神泉苑町１７番地１,中京区,旅館・ホテル,R5.2.16,35.0104047,135.7476604,8,2,2,30,0,13,0
id_507,田の屋,京都市上京区中立売通日暮東入新白水丸町４６２番地６,上京区,旅館・ホテル,H29.11.28,35.0260188,135.7479341,2,58,90,91,1,169,7
id_508,コウメノハナレ,京都市左京区古川町通三条上る二丁目東門前町５２３番地６,左京区,簡易宿所,H28.1.29,35.0103992,135.7788429,22,12,18,102,8,125,7
id_509,温泉の宿　祇園舞扇　別邸　ｂｙ　宿ル　ＫＹＯＴＯ　ＨＡＮＡＲＥ,京都市東山区新門前通大和大路東入西之町２３２番地２，２３２番地３，２３２番地４,東山区,簡易宿所,H30.9.3,35.006243,135.7742826,45,16,46,90,2,136,5
id_510,雲・小天,京都市中京区新町通竹屋町下る弁財天町３１９番地,中京区,簡易宿所,H29.9.29,35.0150478,135.7566134,7,6,1,88,0,49,18
id_511,京恋　麗思鴨川,京都市中京区二条通河原町東入樋之口町４７０番地４,中京区,簡易宿所,H31.1.16,35.013087,135.7700283,4,6,1,70,0,40,7
id_512,京町家の宿　至誠宿　大宮五条,京都市下京区大宮通五条下る二丁目東側堀之上町５１７番地,下京区,簡易宿所,H30.7.18,34.9946323,135.7493129,2,2,14,51,2,29,0
id_513,ｓｏｍｅｙａ,京都市北区大北山原谷乾町４２番２０,北区,簡易宿所,H28.12.19,35.0480059,135.7180447,6,2,8,100,39,175,6
id_514,Ｈｏｔｅｌ　Ｆｅｍｍｅ　Ｓｔａｙ,京都市中京区猪熊通六角下る六角猪熊町６１８番地,中京区,簡易宿所,R6.9.10,35.0070003,135.7505801,40,151,10,85,3,223,7
id_515,京の宿　西大路　ｆａｍｉｌｉｅ,京都市下京区七条御所ノ内北町４７番地１,下京区,簡易宿所,R1.11.5,34.9866913,135.7302544,7,9,4,22,0,23,0
id_516,京ノ家　五条西洞院,京都市下京区東中筋通五条下る天使突抜三丁目４５６番地,下京区,簡易宿所,R1.12.13,34.9954677,135.754566,2,3,0,19,0,7,0
id_517,ＬＯＣＡＬ　ＳＴＡＹ,京都市伏見区向島二ノ丸町３３９番地１８,伏見区,簡易宿所,H30.3.9,34.9201149,135.7723753,5,20,14,43,0,45,0
id_518,鈴　九条藤ノ木　東,京都市南区西九条藤ノ木町３８番地,南区,簡易宿所,H28.7.25,34.9838637,135.7510847,29,14,3,90,8,62,0
id_519,Ｃｈｅｌｓｅａ２４,京都市中京区鏡屋町２２番地２,中京区,簡易宿所,H27.12.2,35.0161628,135.7577358,166,9,10,90,1,196,7
id_520,古都夢,京都市東山区五条橋東六丁目583-58,東山区,簡易宿所,S59.2.29,34.9951956,135.780343,8,0,8,33,2,20,1
id_521,三条松の華京町屋,京都市中京区壬生馬場町１４番地２１,中京区,簡易宿所,R7.6.6,35.0084232,135.7446301,34,0,1,67,0,52,1
id_522,旅館　からたち,京都市伏見区深草一ノ坪町20-6,伏見区,旅館・ホテル,S49.8.6,34.9689109,135.7695025,4,20,12,52,1,131,0
id_523,京宿家格致すおう庵,京都市下京区高辻通油小路東入永養寺町２４０番地（家屋番号３９）,下京区,簡易宿所,H23.11.7,35.0000274,135.7545247,35,6,35,91,1,81,1
id_524,プレミアム東寺,京都市南区西九条比永城町１１９番地,南区,簡易宿所,R6.3.27,34.9791432,135.7490514,4,2,18,85,1,37,2
id_525,奏　松原御幸町,京都市下京区松原通寺町西入石不動之町６８１番地３,下京区,簡易宿所,R1.12.6,34.9991064,135.7659191,24,27,37,78,7,115,18
id_526,枳殻の杜（ＫＩＫＯＫＵ　ＮＯ　ＭＯＲＩ）,京都市下京区間之町通上珠数屋町下る打越町３２０番地,下京区,簡易宿所,R5.10.25,34.9920694,135.7620206,14,15,22,58,0,63,3
id_527,Ｔｈｒｅｅ　Ｗａｖｅ　二条,京都市中京区西ノ京船塚町１５番地１４,中京区,簡易宿所,H31.2.26,35.0115963,135.7372655,18,20,4,54,0,48,3
id_528,若川楽水の宿,京都市下京区三ノ宮町通上ノ口下る高宮町２３９番地,下京区,簡易宿所,R1.5.14,34.992684,135.7659456,1,1,10,43,1,22,0
id_529,Ｍｅｅｔ京都駅,京都市南区東九条東御霊町５８番地８,南区,簡易宿所,R2.6.16,34.9776618,135.7637424,0,2,2,22,2,19,0
id_530,Ｒｉｎｎ　Ｓａｎｊｏ　Ｏｈａｓｈｉ　Ｅａｓｔ,京都市東山区三条通大橋東入三町目２５番地５,東山区,簡易宿所,H29.7.20,35.0100056,135.7754648,48,17,6,102,15,103,1
id_531,慶庵　五条本町,京都市東山区本町通五条下る本町二丁目６１番地１,東山区,簡易宿所,R3.3.11,34.9946035,135.7696849,7,13,104,92,2,131,4
id_532,ゲストハウス　橋旅,京都市東山区福稲柿本町１６番地２５,東山区,簡易宿所,H30.11.22,34.9797625,135.7686041,11,56,37,95,15,120,1
id_533,,京都市下京区新町通高辻下る御影町４５４番地,下京区,施設外玄関帳場,,34.9995872,135.7565074,32,45,43,114,3,135,10
id_534,ゲストハウス　田中,京都市北区紫野花ノ坊町４０番地３　１Ｆ,北区,簡易宿所,R3.6.22,35.0402378,135.7369025,76,8,1,60,9,118,0
id_535,洛楽集庵,京都市上京区葭屋町通出水下る元福大明神町３１２番地３,上京区,簡易宿所,R1.7.5,35.0211171,135.7513489,9,47,32,74,16,118,7
id_536,ＣＯＺＹ　ＨＯＭＥ　上京,京都市上京区上立売通浄福寺西入二丁目下る姥ケ榎木町８３５番地４,上京区,簡易宿所,R2.4.15,35.031913,135.7439504,2,9,40,94,1,73,7
id_537,Ｍｉｎｉ　Ｉｎｎ　Ｋｙｏｔｏ,京都市下京区西洞院通六条上る金屋町４８５番地,下京区,簡易宿所,R6.1.9,34.994289,135.7554488,3,27,37,102,3,83,1
id_538,ザ　ロイヤルパーク　キャンバス　京都二条,京都市中京区西ノ京職司町２２番地７,中京区,旅館・ホテル,R3.5.31,35.0107248,135.7431065,30,17,2,37,0,53,0
id_539,御屋・桃,京都市下京区七条通大宮西入花畑町５９１番地１３,下京区,簡易宿所,R5.4.10,34.9900499,135.7476842,9,0,0,62,1,27,3
id_540,清水竹禅庵,京都市東山区六波羅裏門通東入二丁目竹村町１５１番地２８,東山区,簡易宿所,R7.7.31,34.995626,135.7754626,10,2,5,30,0,18,1
id_541,花鈴　京都宿　忍,京都市中京区壬生御所ノ内町７番地２,中京区,簡易宿所,H30.11.2,35.0060775,135.7437963,7,70,9,87,3,128,7
id_542,TSUKIMI HOTEL,京都市東山区下河原通八坂鳥居前下る月見町２１番地,東山区,簡易宿所,H30.11.13,35.0009168,135.7783396,32,2,18,69,12,71,3
id_543,寶・柿町,京都市東山区大黒町通松原下る三丁目大黒町２８９番地４,東山区,簡易宿所,R7.5.2,34.9969941,135.7711981,0,1,22,41,9,34,1
id_544,銀の宿　上平野町　１０２,京都市下京区不明門通五条下る上平野町４５５番地６、４５５番地７東側,下京区,簡易宿所,R5.5.19,34.9955614,135.7604938,24,3,4,81,2,88,5
id_545,お食事処　やまざき旅館,京都市右京区梅ケ畑高鼻町１１,右京区,旅館・ホテル,H14.12.9,35.0449828,135.689356,4,3,1,67,5,78,0
id_546,東福寺リバーサイド,京都市東山区福稲御所ノ内町２番地２７，２番地２８,東山区,簡易宿所,H29.3.27,34.9802909,135.7698502,51,0,36,49,0,100,2
id_547,,京都市東山区三条通白川橋東入５丁目東町２２０番地１,東山区,施設外玄関帳場,,35.0092118,135.7808906,1,0,5,30,0,8,0
id_548,伊蘭居,京都市南区西九条東島町１６番地５,南区,簡易宿所,H30.1.25,34.9766824,135.7542549,17,2,44,83,1,85,0
id_549,竹影月影,京都市下京区松原通寺町西入石不動之町６８１番地,下京区,簡易宿所,H30.6.5,34.9990972,135.7659746,2,0,22,58,0,43,3
id_550,,京都市下京区西新屋敷下之町２８番地４（北）,下京区,施設外玄関帳場,,34.9926343,135.74346,4,31,32,82,3,89,18
id_551,高台寺　阿わた,京都市東山区下河原通高台寺下る南町４１３,東山区,旅館・ホテル,H10.3.20,34.9991233,135.7786021,32,8,3,65,6,62,7
id_552,旅館　寿々喜荘,京都市伏見区成町８１３－１,伏見区,旅館・ホテル,H4.10.19,34.9391073,135.7557071,12,9,29,94,2,73,0
id_553,hotel anddoggy 京都二条,京都市中京区大宮通御池下る三坊大宮町１４４番地４,中京区,旅館・ホテル,R6.3.11,35.0106156,135.7491241,22,0,1,60,3,34,5
id_554,Ｓａｊｕ　Ｋｙｏｔｏ　茶住　京都,京都市下京区仏光寺通麩屋町西入仏光寺東町１０７番地,下京区,簡易宿所,R6.3.19,35.0011821,135.764074,18,2,18,60,1,54,1
id_555,株式会社　京都トラベラーズ・イン,京都市左京区岡崎円勝寺町91-2,左京区,簡易宿所,S63.7.29,35.0117185,135.7840094,21,16,2,88,16,94,7
id_556,ｃａｓａｎａ　ＫＹＯＴＯ,京都市東山区馬町通大和大路東入二丁目下新シ町３２６番地２、３２７番地１、３２７番地２,東山区,簡易宿所,R7.10.22,34.9936988,135.7717551,18,0,0,52,0,32,0
id_557,Ｋｙｏｔｏ　ｗｅｓｔ　ｈｏｔｅｌ　ＡＰＴ,京都市南区西九条横町３５番地,南区,簡易宿所,R5.4.11,34.9837284,135.7504697,5,0,4,28,1,23,0
id_558,京都嵐山温泉「花伝抄」,京都市西京区嵐山西一川町５番４，４番３,西京区,旅館・ホテル,H23.9.5,35.0105203,135.6800338,0,0,0,18,2,8,0
id_559,京の宿　柚,京都市東山区三条通白川筋黒谷道西入柚之木町３５６番地,東山区,簡易宿所,H28.3.10,35.0098981,135.7838504,51,2,25,82,2,83,1
id_560,中野,京都市東山区祇園町南側570-8,東山区,旅館・ホテル,S40.12.23,35.0022914,135.7755002,32,2,4,80,2,44,0
id_561,美盧京都二条ホテル,京都市中京区西ノ京勧学院町２０番地１,中京区,簡易宿所,R4.3.16,35.0090061,135.7444652,6,51,8,89,3,115,7
id_562,やまぶき,京都市上京区中町通丸太町上る俵屋町４３６番地２,上京区,簡易宿所,H28.10.13,35.0182929,135.769756,2,2,1,32,1,7,0
id_563,新門荘,京都市東山区新門前通大和大路東入二丁目中之町243,東山区,旅館・ホテル,S55.9.17,35.0062242,135.775352,0,0,0,34,0,1,0
id_564,竹林京舎,京都市東山区馬町通本町東入北棟梁町３１２番地４,東山区,簡易宿所,H30.4.13,34.9942802,135.7707526,4,2,0,22,2,8,0
id_565,モクシー京都,京都市中京区西ノ京南聖町１２番地,中京区,旅館・ホテル,R3.5.31,35.0100296,135.7429174,3,23,3,48,0,31,1
id_566,国家公務員共済組合連合会京都宿泊所　くに荘,京都市上京区河原町通荒神口上る東入東桜町２７－３,上京区,旅館・ホテル,H10.4.22,35.0224792,135.7704264,8,34,0,78,1,139,1
id_567,,京都市右京区西院上今田町２０番地１　南側１階,右京区,施設外玄関帳場,,35.0082157,135.7327556,16,15,1,49,0,43,0
id_568,ＣＯＺＹ　ＨＯＭＥ　西陣,京都市上京区中立売通土屋町東入田丸町３６９番地４　１F，２F,上京区,簡易宿所,H30.12.21,35.0248933,135.7436215,4,4,14,65,0,65,0
id_569,猩々庵,京都市伏見区成町７９４番地・７９６番地合併１２,伏見区,簡易宿所,H28.12.13,34.9392029,135.7558005,2,54,5,103,12,99,2
id_570,大同 ＧＡＲＤＥＮ ＨＯＴＥＬ ＫＹＯＴＯ,京都市伏見区深草西浦町三丁目６１番地,伏見区,旅館・ホテル,R7.1.23,34.9602322,135.7666821,1,20,0,43,1,31,0
id_571,Ｔｈｅ別荘　そそ　壱,京都市下京区河原町通上枳殻馬場上る若宮町４６５番地６,下京区,簡易宿所,H28.11.21,34.9931314,135.7637541,14,13,3,64,2,55,13
id_572,左岸・京（Ｓａｇａｎ　Ｋｙｏｔｏ）,京都市東山区福稲柿本町２０番地７５,東山区,簡易宿所,H29.10.27,34.9785572,135.7686827,43,15,27,94,2,92,4
id_573,ホテル嵯峨野,京都市右京区嵯峨罧原町 16-6,右京区,旅館・ホテル,H8.8.16,35.0088149,135.6905984,16,0,4,52,2,24,0
id_574,懐傳,京都市下京区小坂町１番地９,下京区,簡易宿所,H28.12.22,34.9939381,135.7449896,17,21,70,77,0,115,5
id_575,ＲＥＳＩ ＳＴＡＹ ＢＲｉＸ,京都市下京区富小路通五条下る本塩竈町５５８番地９，５５８番地１０河原町通五条下る本塩竈町５８３番地１,下京区,簡易宿所,H31.3.5,34.995616,135.7651693,30,25,40,99,0,150,10
id_576,Ｂｉｊｕｕ,京都市下京区西木屋町通四条下ル船頭町１９４,下京区,簡易宿所,H25.3.7,35.0028609,135.7703523,24,6,37,86,4,79,1
id_577,デュシタニ京都,京都市下京区西洞院通花屋町下る西洞院町４６６番地,下京区,旅館・ホテル,R5.8.23,34.991961,135.755028,0,1,5,34,0,12,0
id_578,Ｃａｓａ　Ａｍｂｅｒ　琥珀居,京都市南区東九条柳下町１４番地９,南区,簡易宿所,R7.1.17,34.9741217,135.7631222,4,38,18,85,6,401,2
id_579,棗庵,京都市中京区中筋通竹屋町上る末丸町５４１番地４３,中京区,簡易宿所,H28.6.24,35.0158907,135.7701888,0,0,1,67,0,7,5
id_580,Ｒｉｎｎ　四季十楽　七楽,京都市上京区下立売通油小路西入東橋詰町１８３番地３京都市上京区油小路通下立売上る近衛町１６５番地（家屋番号１８３番３　西から２軒目）,上京区,簡易宿所,R4.12.5,35.0203373,135.7531906,3,39,8,41,0,61,1
id_581,近よし　西,京都市下京区鍵屋町通烏丸西入鍵屋町３２６番地，３２７番地　３戸１棟長屋の西側,下京区,簡易宿所,R1.6.26,34.9950424,135.7585262,2,20,0,53,0,32,5
id_582,カプセルホテル　ルーマプラザ,京都市東山区祇園町南側５７５番地，５７４番地，５７４番地１フジビル２階，３階,東山区,簡易宿所,H26.12.9,35.0035831,135.7742456,48,18,37,94,15,140,13
id_583,ゲストハウス大黒,京都市中京区堺町通御池下る丸木材木町６８４番地１　２Ｆ,中京区,簡易宿所,H30.6.20,35.009908,135.7633387,0,5,0,67,2,13,5
id_584,京町家 祇園 叶う,京都市東山区祇園町南側５７０番地５１,東山区,簡易宿所,H29.6.13,35.0009355,135.7773243,3,0,0,45,1,13,1
id_585,お宿　たけ乃屋,京都市下京区朱雀北ノ口町１５番地１（中央）,下京区,簡易宿所,R7.2.17,34.9899675,135.7400134,17,3,0,69,0,27,1
id_586,京町家ちよせ,京都市中京区竹屋町通車屋町東入清水町３９１番地　１階，２階,中京区,簡易宿所,H30.6.20,35.0140061,135.7689821,0,0,0,39,1,1,0
id_587,Ｉｎｃ．,京都市中京区西洞院通夷川下る薬師町６５２番地１２Ｆ，３Ｆ，４Ｆ,中京区,簡易宿所,R2.2.18,35.0146462,135.7549213,13,0,1,23,0,19,0
id_588,Ｒｉｎｎ　Ｋｙｏｔｏ　Ｇｉｏｎ　Ｓｈｉｎｂａｓｈｉ,京都市東山区新橋通大和大路東入二丁目橋本町４１５番地１,東山区,簡易宿所,R7.1.8,35.005625,135.7761425,21,2,5,29,0,29,1
id_589,ゲストハウス詩屋,京都市南区東九条河西町１７番地１２,南区,簡易宿所,H30.10.11,34.9803999,135.7651818,0,0,0,28,1,2,0
id_590,紡　東福寺南門,京都市東山区本町通五条下る本町十八丁目３８３番地３,東山区,簡易宿所,H29.5.16,34.9754131,135.770195,1,3,5,27,2,12,0
id_591,京都駅前　えむず庵,京都市南区西九条蔵王町１３番地３７，１３番地３８,南区,簡易宿所,H28.7.6,34.9796072,135.7528667,1,0,3,31,1,53,0
id_592,雲・風早,京都市下京区油小路通綾小路下る風早町５６０番地,下京区,簡易宿所,H29.10.3,35.0023276,135.753533,3,21,4,80,0,34,0
id_593,綵（あやぎぬ）,京都市下京区下魚ノ棚通油小路東入東町２６０番地２,下京区,簡易宿所,H28.12.27,35.0250227,135.7587624,0,8,1,30,0,9,0
id_594,夏様・五条,京都市下京区西新屋敷下之町２８番地４（南）,下京区,簡易宿所,R6.4.26,34.9926343,135.74346,2,0,14,54,0,26,0
id_595,ｍａｒｕｃｏ右近,京都市南区西九条開ケ町１０８番地２,南区,簡易宿所,R2.3.11,34.9786137,135.7516821,29,15,18,107,8,143,4
id_596,,京都市東山区五条橋東四丁目４３２番地１３　對嵐坊ビル３０２,東山区,施設外玄関帳場,,34.9950527,135.7735928,29,0,22,53,4,60,0
id_597,かもがわさんぽ,京都市左京区竹屋町通川端東入東竹屋町６９番地２５,左京区,簡易宿所,R7.8.13,35.0164344,135.7730973,19,10,13,84,12,72,7
id_598,伽羅　ＫＹＡＲＡ　ＨＯＴＥＬ,京都市南区東九条石田町２２番地７,南区,簡易宿所,R7.11.14,34.9745747,135.760771,1,0,3,32,1,21,0
id_599,京の小宿　ＫＡＮＡ町家,京都市右京区西院松井町１５番地３,右京区,簡易宿所,R3.4.7,35.0030956,135.7296621,2,0,2,32,0,7,0
id_600,Ｋ’ｓ　Ｖｉｌｌａ　松見庵,京都市下京区二ノ宮町通正面下る上二之宮町４１２番地,下京区,簡易宿所,R1.12.13,34.9909033,135.7667602,0,3,4,22,0,9,0
id_601,Guest House WASSO,京都市伏見区深草下川原町21番地27,伏見区,簡易宿所,H29.3.15,34.9685982,135.7643334,2,2,7,34,0,27,0
id_602,香驛,京都市中京区壬生下溝町４９番地３,中京区,簡易宿所,H30.5.9,35.0003563,135.7365994,12,17,0,43,0,35,1
id_603,ＨＯＴＥＬ　Ｌｉｂｅｒａ,京都市西京区大枝沓掛町８番地の２,西京区,旅館・ホテル,H12.5.1,34.9802527,135.6569441,2,2,2,34,2,21,0
id_604,Ｒｏｙｃｅ　Ｅｎｍａｃｈｉ,京都市中京区西ノ京馬代町２０番地７,中京区,簡易宿所,H29.4.11,35.0189379,135.726357,1,8,3,26,0,16,0
id_605,四季々々しんら,京都市中京区室町通押小路上る蛸薬師町２８６番地１Ｆ,中京区,簡易宿所,H30.5.1,35.0125951,135.7578984,17,1,0,26,0,31,3
id_606,,京都市東山区三条通南裏白川筋西入三丁目南西海子町４４３番地３（１階北東角）,東山区,施設外玄関帳場,,35.0089927,135.7788429,22,6,14,65,0,45,3
id_607,雅,京都市南区西九条唐橋町３９番地１，４０番地１,南区,簡易宿所,H28.11.25,34.9813268,135.7513089,5,4,5,37,0,18,0
id_608,,京都市南区西九条御幸田町１９番地５－２階,南区,施設外玄関帳場,,34.9753575,135.7492001,10,6,0,53,0,23,1
id_609,,京都市中京区壬生土居ノ内町４３番地４　１階,中京区,施設外玄関帳場,,35.0010977,135.7350708,57,37,4,65,2,103,0
id_610,ＡＤＤｒｅｓｓ京都伏見Ａ邸,京都市伏見区桃山筒井伊賀東町７７番地（東側）,伏見区,簡易宿所,R5.3.6,34.9385998,135.7676488,8,47,4,68,30,100,0
id_611,はる家,京都市東山区三条通白川橋西入二筋目下る古川町５４２番４,東山区,簡易宿所,H23.9.28,35.0087572,135.7789355,0,2,0,18,2,12,0
id_612,Ｍｕｓａｓｈｉ　Ｍａｃｈｉｙａ　２,京都市東山区大仏南門通大和大路東入上池田町５４１番地７，５４１番地８　２階,東山区,簡易宿所,R2.11.12,34.9862456,135.7711763,6,2,6,84,12,33,4
id_613,ホテルフォルツァ京都四条河原町,京都市下京区四条通麩屋町西入立売東町２５番地１,下京区,旅館・ホテル,R3.5.20,35.0034803,135.7653736,40,3,27,68,3,82,1
id_614,Ｋａｍｏｎ　Ｉｎｎ　Ｈｉｇａｓｈｉｙａｍａ　Ｇｏｊｏ,京都市東山区五条坂若宮八幡南前下る慈法院庵町５８９番地９,東山区,簡易宿所,R1.8.23,34.9931651,135.7757502,7,2,0,27,2,20,1
id_615,慶有魚　五条,京都市東山区柿町通大黒町西入東川原町５２６番地１,東山区,簡易宿所,R1.8.29,34.9970328,135.770556,43,13,5,93,2,87,5
id_616,Ｌａ　ｃａｓａ,京都市南区東九条東岩本町１８番地７,南区,簡易宿所,H30.7.30,34.9839572,135.7652993,22,17,20,98,1,66,2
id_617,山水間,京都市東山区大黒町通松原下る二丁目山城町２７８番地４及び５,東山区,旅館・ホテル,H22.6.11,34.9976723,135.7712008,1,2,4,24,2,9,0
id_618,Ｎｏ．８　京都,京都市南区東九条上御霊町７番地２,南区,簡易宿所,R1.10.4,34.9805724,135.7618902,0,12,14,37,0,33,0
id_619,京都　イン　ギオン　２号館,京都市東山区広道通松原上る四丁目毘沙門町４６番地７，４６番地８，４６番地９，４６番地１３，４６番地１４,東山区,旅館・ホテル,H29.9.6,35.0006024,135.776151,133,15,29,76,12,195,4
id_620,茜　ａｋａｎｅ　京都西陣,京都市上京区大宮通上長者町下る東堀町６１５番地１,上京区,簡易宿所,R6.2.19,35.0234452,135.7488021,11,54,6,91,1,94,1
id_621,京一軒町家　染　ＳＥＮ　七条平安,京都市下京区七条通大宮西入花畑町５９１番地２,下京区,簡易宿所,H30.5.15,34.9903535,135.7477027,1,0,8,35,1,10,0
id_622,アパホテル ＜京都駅東＞,京都市下京区東洞院通七条下る東塩小路町５５２番地１,下京区,簡易宿所,R1.12.3,34.9878284,135.7615297,6,1,7,36,1,25,0
id_623,花住　清水,京都市東山区五条通大和大路東入門脇町１８７番地４,東山区,簡易宿所,H30.10.9,34.1134909,134.1625338,0,6,12,50,9,30,0
id_624,ＴＳＵＢＯＭＩ　Ｌｕｘｕｒｙ　Ｉｎｎ　壬生別邸,京都市下京区中堂寺壬生川町１７番地８,下京区,簡易宿所,R3.9.3,34.9966391,135.7457132,15,3,16,62,0,35,0
id_625,寧寧の道,京都市南区唐橋堂ノ前町１２番地４,南区,簡易宿所,H31.4.5,34.9782014,135.7376748,40,1,13,82,3,122,4
id_626,霖屋,京都市下京区七条御所ノ内中町１３番地,下京区,簡易宿所,H30.1.30,34.9862535,135.7310487,10,9,2,47,0,26,1
id_627,ジャパニングホテル　ハッコウエン  JAPANING　HOTEL　HAKKOEN,京都市下京区新町通七条上る辰巳町731番地,下京区,簡易宿所,H28.6.20,34.9895349,135.7566706,15,39,41,64,1,99,1
id_628,優里庵,京都市右京区京北上黒田町水野２３番地１,右京区,簡易宿所,R6.3.7,35.2056218,135.732209,37,29,1,80,0,83,0
id_629,京都タワーホテル,京都市下京区烏丸通七条下る東塩小路町721-1,下京区,旅館・ホテル,S39.9.5,34.9875514,135.7592807,0,3,0,19,0,5,0
id_630,美盧八条源町別邸,京都市南区八条源町６２番地,南区,簡易宿所,R4.6.1,34.9835621,135.7440464,0,4,14,35,0,47,0
id_631,サクラハウス京都,京都市上京区中筋通大宮西入横大宮町２０４番地,上京区,簡易宿所,H29.5.31,35.0293373,135.7476009,11,47,77,87,6,148,5
id_632,炎林苑,京都市南区唐橋高田町１９番地６,南区,簡易宿所,H30.3.16,34.981398,135.7420582,58,17,17,103,16,224,2
id_633,曼　七本松ノ壱　ＩＣＨＩ,京都市中京区聚楽廻西町６４番地１０,中京区,簡易宿所,H29.4.13,35.0188479,135.7405741,24,34,5,53,1,64,0
id_634,Ｃｏｒｎｅｒ６,京都市中京区六角通堀川西入岩上町７２２番地,中京区,簡易宿所,R4.4.15,35.0074579,135.7508306,57,7,1,58,0,76,5
id_635,ａｐｉａ☆七条,京都市東山区鞘町通正面下る上堀詰町２６５番地１３,東山区,簡易宿所,H28.5.11,34.9905967,135.7681211,8,2,5,28,2,19,1
id_636,如意・二条城,京都市中京区西ノ京内畑町１８番地２３,中京区,簡易宿所,R6.6.27,35.0139899,135.738417,51,4,3,57,2,73,3
id_637,ゲストハウス　美盧　花畑町邸,京都市下京区七条通大宮西入花畑町５９２番地５,下京区,簡易宿所,H29.1.11,34.9896069,135.7477027,2,3,0,70,0,19,5
id_638,星屋,京都市下京区西洞院通六条上る金屋町４８７番地１,下京区,簡易宿所,R2.3.4,34.9941744,135.755325,1,7,10,35,1,21,1
id_639,京都小院（Ｋｙｏｔｏ　Ｓｈａｗ　Ｉｎｎ）,京都市南区西九条菅田町２８番地２,南区,簡易宿所,H30.1.31,34.9746584,135.7479526,8,4,16,47,0,55,0
id_640,清水小筑,京都市東山区五条橋東六丁目５３９番地１５、５３９番地１６,東山区,簡易宿所,R6.5.7,34.9950767,135.7801702,20,4,0,53,4,43,0
id_641,上七軒　億,京都市上京区今出川通七本松西入真盛町７１２番地,上京区,簡易宿所,H29.2.17,35.0303626,135.7383017,0,0,0,17,0,1,0
id_642,,京都市下京区綾小路通油小路西入西綾小路西半町８８番地　東側,下京区,施設外玄関帳場,,35.0022467,135.7530147,7,2,0,39,2,20,1
id_643,懐古的未来,京都市南区東九条中札辻町33番地3,南区,簡易宿所,H27.6.1,34.977113,135.7620299,6,4,4,34,1,48,0
id_644,Ｒｉｎｎ　四季十楽　六楽,京都市上京区下立売通油小路西入東橋詰町１８３番地３京都市上京区油小路通下立売上る近衛町１６５番地（家屋番号１８３番３　西から１軒目）,上京区,簡易宿所,R4.12.5,35.0203373,135.7531906,1,3,14,43,5,28,0
id_645,ゲストハウス美響（ひびき）,京都市東山区泉涌寺五葉ノ辻町７番地２０,東山区,簡易宿所,R2.8.25,34.9819252,135.7715651,0,5,5,29,0,16,1
id_646,いこいの里　久多キャンプ場,京都市左京区久多川合町３９５,左京区,簡易宿所,H16.11.18,35.2714713,135.8422134,27,17,18,91,6,84,10
id_647,ザ　新門前,京都市東山区新門前通大和大路東入西之町２３５番地,東山区,旅館・ホテル,R2.3.10,35.0061684,135.7746446,37,19,3,70,12,76,4
id_648,縁宿,京都市東山区問屋町通五条下る三丁目東橘町４４９番地１,東山区,簡易宿所,R6.7.31,34.9941716,135.7687044,103,2,29,73,9,145,1
id_649,ホテルフルバⅢ,京都市南区東九条中御霊町４３番地５　３Ｆ,南区,簡易宿所,R1.6.20,34.9787496,135.7614976,19,14,20,82,6,88,2
id_650,Ｃｒｏｓｓｒｏａｄｓ（クロスローズ）,京都市下京区夷馬場町45-14,下京区,簡易宿所,H12.11.22,34.9902884,135.745109,30,3,64,65,0,98,0
id_651,青山庵,京都市左京区古川町通三条上る二丁目東門前町５２３番地１６,左京区,簡易宿所,H29.8.8,35.0103912,135.7787873,0,5,3,28,0,16,0
id_652,蘇影・清影,京都市東山区大和大路通五条下る石垣町西側５２番地１,東山区,簡易宿所,R1.7.24,34.9947383,135.7715003,34,1,0,69,9,56,0
id_653,アーバン　イン　伏見,"京都市伏見区西大手町307-53,107及び周防町331-41",伏見区,旅館・ホテル,H11.4.16,34.9325597,135.759027,6,37,27,62,12,98,0
id_654,ＳＥＶＥＮ　ＳＴＡＹ　ＯＵＣＨＩ,京都市東山区鞘町通七条上る下堀詰町２５７番地２の４（２階）,東山区,簡易宿所,R1.12.11,34.9901088,135.768176,89,2,27,84,9,145,4
id_655,Ｋｙｏｔｏ Ｃｏｚｙ Ｈｏｕｓｅ 二条,京都市中京区壬生神明町１番地１３５,中京区,簡易宿所,R5.5.15,35.0066285,135.7383943,0,34,0,58,0,36,1
id_656,アリストンホテル京都十条,京都市南区上鳥羽勧進橋町２３番地,南区,旅館・ホテル,H30.5.9,34.9705095,135.7607058,1,0,0,26,1,5,1
id_657,Ｈｉ　Ｍｏｅｗ　Ｙａ,京都市東山区馬町通本町東入八丁目上馬町６０４番地２,東山区,簡易宿所,R5.5.31,34.9924838,135.7783243,12,4,8,37,9,35,1
id_658,京宿家　開智ももはな庵,京都市下京区富小路通仏光寺下る筋屋町１４４番地９,下京区,簡易宿所,H26.10.8,35.0005669,135.7652235,0,13,16,44,0,38,0
id_659,京都拾美堂,京都市上京区黒門通一条半丁上る東入横神明町７９５番地１,上京区,簡易宿所,R4.11.8,35.0269217,135.7508434,1,123,25,81,1,163,5
id_660,地遊舎,京都市左京区久多下の町２７８番地,左京区,簡易宿所,H29.3.31,35.267081,135.8193533,3,10,30,77,1,48,0
id_661,,京都市左京区新丸太町７０－７,左京区,施設外玄関帳場,,35.0106906,135.7735491,9,5,6,54,2,50,0
id_662,梵居・Love stage,京都市東山区三条通南裏白川筋西入三丁目南西海子町４４３番地，４４３番地３，４４３番地４，４４３番地５,東山区,簡易宿所,H29.5.11,35.0089927,135.7788429,57,16,97,118,18,237,1
id_663,京蘭　杏花邸,京都市東山区大和大路通五条下る二丁目上梅屋町１８８番地１２,東山区,簡易宿所,R6.3.15,34.9927742,135.7724077,0,2,64,65,9,88,3
id_664,Ｗａｎｄｅｒ　Ｋｙｏｔｏ　Ｎａｎａｊｏ,京都市下京区三ノ宮町通七条上る下三之宮町３０１番地,下京区,簡易宿所,R5.10.11,34.9898344,135.7660937,1,0,0,35,0,3,1
id_665,旅館　ホテル　クラウン,京都市右京区西院金槌町1-1.2-1,右京区,旅館・ホテル,S61.2.21,35.0078156,135.7263404,7,3,0,25,0,19,0
id_666,ゲストハウス　時遊人,京都市下京区東洞院通五条下る三丁目和泉町５２４番５４７番３,下京区,簡易宿所,H22.9.21,34.9949837,135.7612636,0,1,1,33,0,4,0
id_667,京恋　大徳寺,京都市北区紫竹高縄町７番地３,北区,簡易宿所,H30.12.5,35.0458238,135.749387,0,0,0,35,4,7,1
id_668,梅渓居,京都市下京区仏具屋町通五条下る上錫屋町６７番地１,下京区,簡易宿所,R1.5.16,34.9951743,135.7558468,4,7,5,35,0,16,0
id_669,ＨＯＴＥＬ　ＫＩＲＯ　ＫＹＯＴＯ　ＳＴＡＴＩＯＮ,京都市南区東九条上御霊町４０番地２,南区,簡易宿所,H30.4.17,34.9798412,135.7637609,4,0,1,36,0,14,0
id_670,香柏　二条　箏,京都市上京区千本通上長者町下る革堂前之町１２２番地２,上京区,簡易宿所,R1.5.30,35.0227095,135.7426782,0,20,8,44,0,32,1
id_671,紡　西洞院花屋町,京都市下京区西洞院通六条下る西側町４９２番地,下京区,簡易宿所,R2.6.22,34.9938001,135.7548876,1,5,5,36,0,12,1
id_672,コートヤード・バイ・マリオット京都四条烏丸,京都市下京区烏丸通綾小路下る二帖半敷町６６８番地、京都市下京区仏光寺通室町東入釘隠町２５２番地４,下京区,旅館・ホテル,R7.8.25,35.0014439,135.7592765,27,70,37,93,3,151,7
id_673,ＨＯＴＥＬ　ＭＡＳＴＡＹ　神宮道,京都市東山区三条通白川橋東入三丁目夷町１５９番地,東山区,簡易宿所,R1.8.5,35.0096206,135.7830551,8,0,14,23,0,23,1
id_674,京町家　翠庭庵,京都市南区東九条宇賀辺町２４番地７,南区,簡易宿所,R6.12.2,34.9786627,135.7649831,3,19,30,67,4,103,1
id_675,Ｐｒｉｖａｔｅ　Ｖｉｌｌａ　ＺＥＮ,京都市南区西九条横町３７番地,南区,簡易宿所,R7.9.22,34.984086,135.7506869,0,0,8,60,0,39,1
id_676,聚楽第　このは,京都市中京区聚楽廻東町３１番地１５（南側）,中京区,簡易宿所,R6.10.11,35.0186206,135.7420749,10,78,2,108,1,101,7
id_677,京の嵐　山崎,京都市東山区大和大路通五条上る山崎町３２９番地，３２９番地１,東山区,簡易宿所,H30.2.27,34.9964697,135.7719447,8,2,5,28,0,19,0
id_678,旅籠　吾妻,京都市下京区二人司町３番地３,下京区,簡易宿所,H29.9.8,34.9923113,135.7462002,0,2,14,54,0,31,1
id_679,ト一庵,京都市上京区西洞院通一条上る大峰図子町６２６番地１，６２８番地１，６２８番地２，６３０番地２，６３０番地３,上京区,簡易宿所,H30.6.15,35.0269665,135.7552545,2,78,6,88,8,96,1
id_680,御屋・玉蘭,京都市下京区西七条市部町９２番地１１,下京区,簡易宿所,R7.5.19,34.9904284,135.7349994,30,31,5,102,3,82,10
id_681,次郎邸,京都市南区東九条河辺町２３番地１５,南区,簡易宿所,R7.2.27,34.9743788,135.7593634,4,2,51,97,8,106,2
id_682,ＫＹＯＭＡＣＨＩＹＡ－ＳＵＩＴＥ　ＲＩＫＹＵ,京都市東山区東大路通松原上る三丁目下弁天町６１番地４,東山区,簡易宿所,H29.9.20,34.9999348,135.7778891,16,1,1,35,4,31,2
id_683,伯楽旅居,京都市北区大将軍一条町１４２番地,北区,簡易宿所,R7.8.7,35.026012,135.7286316,12,0,0,35,0,15,0
id_684,鴨川せせらぎ庵　蘭,京都市下京区屋形町２０番地１（南から２軒目）,下京区,簡易宿所,R3.4.26,34.9827727,135.7674879,19,25,4,76,2,63,5
id_685,京町屋　プライベートレジデンス  祇園　竹の葉（takenoha）,京都市東山区三条白川橋二筋目下る西入北木之元町５３２番地４,東山区,簡易宿所,H30.12.21,35.0085646,135.7771465,118,19,37,107,15,208,5
id_686,ゲストハウス京粋庵　楽邸,京都市南区東九条河西町３９番地１,南区,簡易宿所,R2.11.4,34.9800006,135.7667164,18,9,12,56,6,63,0
id_687,谷町君　星屋　樨ノ宿,京都市東山区松原通大和大路東入二丁目轆轤町１０１番地４９，１０１番地５０，１０１番地５１，１０１番地５２，１０１番地５３,東山区,簡易宿所,R3.9.10,34.9971009,135.7742271,34,2,58,57,1,99,3
id_688,Ｓｌｏｏｍ,京都市東山区大黒町通松原下る二丁目山城町２７８番地１４,東山区,簡易宿所,R6.8.22,34.9976619,135.7713429,30,1,10,39,4,54,0
id_689,ダース,京都市下京区東洞院通正面下る笹屋町270番地,下京区,簡易宿所,H27.4.16,34.9910161,135.7612833,66,5,27,92,3,121,18
id_690,奏　京都駅南,京都市南区東九条室町３０番地３７,南区,簡易宿所,R1.9.27,34.9826814,135.757093,5,3,4,30,0,30,0
id_691,梵定寺,京都市左京区田中関田町３３－５,左京区,簡易宿所,H21.7.15,35.0278283,135.7748959,1,0,6,41,5,15,1
id_692,大日寺の宿・京都吉祥院,京都市南区吉祥院稲葉町１０番地,南区,旅館・ホテル,R3.6.22,34.9693179,135.7388612,12,5,0,61,2,65,0
id_693,,京都市南区東九条下殿田町２６番地２（１Ｆ）,南区,施設外玄関帳場,,34.9806966,135.7581208,10,10,13,60,4,44,0
id_694,東急ステイ京都三条烏丸はなれ,京都市中京区両替町通姉小路下る柿本町４１０番地２,中京区,旅館・ホテル,H30.12.3,35.0097683,135.7586877,10,2,2,44,0,15,1
id_695,長安宿・京都・東本願寺,京都市下京区油小路通花屋町下る仏具屋町２３９番地１,下京区,簡易宿所,R7.8.25,34.9923825,135.7536348,3,14,5,27,0,35,0
id_696,鯉屋,京都市東山区耳塚通五条下る二丁目蛭子町北組２６５番地,東山区,簡易宿所,R4.8.18,34.9931368,135.7707134,4,0,27,67,9,55,3
id_697,花鈴　京都宿　風華,京都市南区西九条院町２３番地１０,南区,簡易宿所,R3.7.21,34.9822814,135.7566243,7,5,1,47,0,17,0
id_698,粟田口　宇庵　花,京都市東山区粟田口鍛冶町６番地,東山区,簡易宿所,H29.5.10,35.0087536,135.7849027,32,29,4,65,0,70,4
id_699,御宿　河原町五条,京都市下京区河原町通上枳殻馬場上る若宮町４７７番地,下京区,簡易宿所,R2.3.10,35.0012678,135.7692946,1,5,1,34,0,10,0
id_700,「京の温所」丸太町,京都市中京区車屋町通夷川上る少将井御旅町３４１番地２,中京区,簡易宿所,R2.4.21,35.0152326,135.7602591,3,0,0,55,0,6,1
id_701,Ｅｎｚｏ　Ｋｙｏｔｏ　Ｇｏｊｏ,京都市下京区富小路通松原下る本上神明町４６２番地，４６２番地１,下京区,簡易宿所,H30.12.26,34.9985529,135.7649639,0,16,25,66,0,45,0
id_702,中之庵,京都市上京区猪熊通丸太町下る中之町５１９番地２３,上京区,簡易宿所,R2.2.26,35.0165562,135.751015,0,17,1,19,0,23,0
id_703,秀の町家　西陣千本,京都市上京区上長者町通千本東入愛染寺町４９３番地２,上京区,簡易宿所,R2.1.10,35.0236597,135.743777,1,25,14,40,2,63,4
id_704,ＨＯＴＥＬ　ＩＮ　ＴＨＥ　ＧＲＥＥＮ,京都市伏見区竹田西小屋ノ内町１番地,伏見区,簡易宿所,H30.4.19,34.9529881,135.7470681,0,0,1,29,2,16,0
id_705,ゆるる,京都市中京区姉小路通柳馬場西入木之下町２８８番地,中京区,簡易宿所,H25.8.7,35.0098746,135.7626103,1,1,1,22,0,5,0
id_706,えん,京都市東山区本町二丁目７０番地６,東山区,簡易宿所,H28.8.2,34.9943103,135.7702227,67,43,46,95,3,161,1
id_707,紡　三十三間堂,京都市東山区大和大路通五条下る三丁目下棟梁町２１２番地,東山区,簡易宿所,H31.1.23,34.9926138,135.7712551,40,4,10,47,0,64,2
id_708,京の町　白凰,京都市東山区福稲下高松町４番地７,東山区,簡易宿所,H30.4.26,34.9735767,135.7696024,40,16,5,94,15,94,4
id_709,料亭　わらびの里,京都市山科区小山中島町２８番地,山科区,簡易宿所,H23.6.24,34.9820661,135.8374564,0,8,5,38,0,19,0
id_710,エムズホテル　三条大宮,京都市中京区大宮通姉小路下る姉大宮町西側７７番地１,中京区,簡易宿所,R3.9.13,35.0088853,135.7486286,5,6,1,72,2,37,1
id_711,貴船べにや,京都市左京区鞍馬貴船町17-1，18-1,左京区,旅館・ホテル,H9.12.3,35.1167756,135.7611211,18,15,14,89,6,101,18
id_712,靈氣庵Ⅱ　京都綾小路,京都市下京区綾小路通醒ケ井西入西綾小路西半町８８番地　北側,下京区,簡易宿所,R7.10.1,35.0022467,135.7530147,0,23,0,69,0,30,7
id_713,季・藤ノ木,京都市南区西九条藤ノ木町３番地７,南区,簡易宿所,R2.8.5,34.9837295,135.7521356,2,1,22,58,8,73,1
id_714,ＭＡＴＡＨＡＲＩ　ＡＮＮＥＸ　ＳＴＡＹ,京都市左京区北白川久保田町１６番地３　２階,左京区,簡易宿所,H30.9.26,35.0292337,135.7913308,9,5,0,53,5,47,0
id_715,ビスケハウス,京都市南区西九条御幸田町２４番地４,南区,簡易宿所,R6.7.23,34.9755216,135.7495165,2,6,5,48,2,26,0
id_716,京煕　京都駅,京都市南区西九条院町２３番地１１,南区,簡易宿所,R7.4.8,34.9821332,135.7566798,5,16,55,94,1,140,2
id_717,Ａｐａｒｔｍｅｎｔ　Ｓｔａｙｓ　Ｋｙｏｔｏ,京都市中京区押小路通高倉東入竹屋町１４５番地,中京区,簡易宿所,R5.2.3,35.0121622,135.7624587,40,10,10,103,0,98,18
id_718,京恋東寺　三国蜀,京都市南区八条源町６８番地１３,南区,簡易宿所,H30.3.27,34.9834558,135.7443159,34,17,24,106,1,147,2
id_719,育書居,京都市左京区川端より二筋目仁王門下る新丸太町７０番地４,左京区,簡易宿所,H30.4.27,35.0107323,135.7735484,0,3,1,25,0,4,0
id_720,ザ ロイヤルパークホテル アイコニック 京都,京都市中京区東洞院通押小路下る船屋町４２０番地，御池通高倉西入高宮町１９４番地，間之町通押小路下る高田町５１０番地２,中京区,旅館・ホテル,R4.3.15,35.0111943,135.761243,45,41,1,85,0,110,7
id_721,弎京匯,京都市中京区壬生御所ノ内町１０番地６,中京区,簡易宿所,R2.10.26,35.0059402,135.7440939,8,9,10,94,3,59,1
id_722,Ｇｉａｐｐｏ　ｆｒａｎｃａ　Ｋｙｏｔｏ（ジャポフランカ京都）,京都市左京区新高倉通仁王門下る福本町４２５番地,左京区,簡易宿所,R6.2.16,35.0111149,135.7761947,1,3,4,38,1,12,1
id_723,ひとあかり　東山,京都市左京区聖護院西町１２番地８,左京区,簡易宿所,R7.11.25,35.0191908,135.7787271,3,2,2,22,1,17,0
id_724,ＫＹＯＳＴＡＹいろは　東寺南,京都市南区西九条比永城町５１番地４,南区,簡易宿所,H30.7.30,34.978362,135.7497849,19,15,17,78,6,89,2
id_725,東横イン京都四条大宮,京都市中京区壬生坊城町６番地２,中京区,旅館・ホテル,H10.11.30,35.0039467,135.7473418,24,123,1,62,3,160,5
id_726,関西セミナーハウス,京都市左京区一乗寺竹ノ内町２３,左京区,旅館・ホテル,H25.4.8,35.0505636,135.8037214,30,16,16,81,8,93,1
id_727,ＨＯＭＡＮＮ　ＣＯＮＣＥＰＴ　ＫＹＯＴＯ,京都市東山区一橋野本町４６番地１７,東山区,簡易宿所,R3.1.12,34.9863313,135.7687853,10,2,1,31,0,21,0
id_728,Ｔｓｕｒｕ　Ｋａｍｅ　Ｈｏｕｓｅ,京都市上京区椹木通大宮西入中書町６７６番地,上京区,簡易宿所,H30.5.15,35.0186538,135.748591,2,66,6,79,1,100,1
id_729,Ａｎｇｅｌ’ｓ　Ｐａｔｈ　Ⅰ,京都市下京区東中筋通六条上る天使突抜四丁目４５９番地,下京区,簡易宿所,H29.6.23,34.9952122,135.7542035,0,7,17,35,1,31,0
id_730,東福寺　通天庵　別館　紺碧,京都市東山区福稲御所ノ内町２２番地１９、２２番地２３、２２番地２４（北側）,東山区,簡易宿所,R5.9.4,34.9783175,135.769643,8,2,5,31,2,19,1
id_731,ＪＰＲＥＳＥＲＶＥ　東寺,京都市南区大宮通八条下る二丁目東寺東門前町８０番地,南区,簡易宿所,R1.11.26,34.9828899,135.7490852,5,3,3,35,0,13,0
id_732,Kanon House,京都市東山区大和大路通七条下る二丁目辰巳町５８８番地９,東山区,簡易宿所,H29.5.1,34.9878854,135.7705467,8,14,4,86,2,41,1
id_733,電源開発　深草荘,京都市伏見区深草願成町18-5,伏見区,旅館・ホテル,S59.3.29,34.9711166,135.774625,10,54,4,72,9,131,4
id_734,祇園せいじ庵,京都市東山区大和大路通四条下る二丁目亀井町３４番４,東山区,簡易宿所,H26.6.9,35.002632,135.7724613,24,1,22,72,0,49,0
id_735,花鈴　京都宿　琴音,京都市南区東九条中殿田町１５番地７,南区,簡易宿所,R2.7.14,34.9813696,135.7572995,7,5,1,51,2,59,1
id_736,宿家　西ノ京,京都市中京区西ノ京池ノ内町２９番地３７,中京区,簡易宿所,R5.12.4,35.0091282,135.7469624,57,70,8,100,3,140,1
id_737,ホテル　エクセレンス・京都駅八条口,京都市南区西九条鳥居口町５,南区,旅館・ホテル,H25.10.9,34.9834703,135.754042,21,1,0,46,0,24,0
id_738,雅　ＭＩＹＡＢＩ,京都市南区西九条横町５２番地１,南区,簡易宿所,H29.6.1,34.9835368,135.7506587,54,12,3,90,16,150,0
id_739,プライベートレジデンス二条城　友,京都市中京区二条通堀川東入矢幡町３００番地１,中京区,簡易宿所,R7.11.13,35.0137555,135.7522929,3,28,1,54,1,50,3
id_740,櫞舎　隠三十三間堂,京都市東山区馬町通妙法院北門前妙法院前側町４２９番地１２,東山区,簡易宿所,H29.8.30,34.9914289,135.7734724,51,7,2,44,4,70,0
id_741,京ノ家　五条店,京都市下京区東洞院通五条下る二丁目福島町５１２番地４,下京区,簡易宿所,H30.6.22,34.9954374,135.7608634,12,0,14,51,1,35,3
id_742,唐廊,京都市南区唐橋堂ノ前町２７番地１０,南区,簡易宿所,R1.6.4,34.9788233,135.7374504,6,4,1,42,5,18,0
id_743,櫞舎　隠西願寺,京都市下京区若宮通六条下る若宮町５４９番地２,下京区,簡易宿所,H29.8.31,34.9936485,135.7556617,18,75,27,93,2,132,7
id_744,ゲストハウス　宮川町花かんざし,京都市東山区新宮川町通松原下る西御門町４６２番地,東山区,簡易宿所,H29.9.11,34.9979111,135.7702892,51,10,22,70,1,88,3
id_745,京町家雅　梅林庵,京都市東山区清水門前松原産寧坂西入清水四丁目１７２番地２０,東山区,簡易宿所,H29.7.11,34.9967091,135.7778714,35,0,0,41,4,46,0
id_746,しづやＫＹＯＴＯ　ＯＭＯＹＡ,京都市下京区七条通河原町東入材木町460番地,下京区,簡易宿所,H28.5.13,34.9896707,135.7644829,3,5,6,94,9,33,7
id_747,ＳＡＩＺＥＮ松室ＳＴＡＹ,京都市西京区松室庄田町１番地９　２階,西京区,簡易宿所,H28.6.7,34.9947657,135.6895009,4,28,0,46,0,33,0
id_748,平新,京都市中京区蛸薬師通高倉西入泉正寺町314，316,中京区,旅館・ホテル,S46.10.6,35.0061021,135.7617244,29,44,11,56,0,95,5
id_749,松の恋,京都市南区西九条開ケ町３８番地３,南区,簡易宿所,R2.3.30,34.9775453,135.7518954,27,13,20,91,8,152,2
id_750,京　十一宿　島原,京都市下京区中堂寺鍵田町１番地１１,下京区,簡易宿所,R2.8.5,34.9950576,135.7459467,40,4,25,75,3,81,1
id_751,株式会社　洛雲荘,京都市北区雲ケ畑出谷町343,北区,旅館・ホテル,S32.10.1,35.1251606,135.7155472,7,0,1,26,2,12,0
id_752,京町屋　半夏生,京都市南区東九条西岩本町３番地７,南区,簡易宿所,R7.3.3,34.9827367,135.7630481,62,2,18,105,8,131,2
id_753,calm stay Nijyo,京都市中京区聚楽廻東町８番地８,中京区,簡易宿所,R5.11.15,35.0177095,135.7424436,34,123,7,83,5,198,5
id_754,京町家　ＩＮＡＲＩ,京都市伏見区深草稲荷御前町91番地,伏見区,簡易宿所,H27.5.22,34.9671525,135.7708414,10,66,26,51,4,111,1
id_755,徳平庵・檜,京都市右京区京北上弓削町弾正８番地,右京区,簡易宿所,H31.2.1,35.2036796,135.639922,1,1,2,32,0,7,0
id_756,京都禅ハウス,京都市南区東九条室町２９番地９,南区,簡易宿所,R5.9.20,34.9828333,135.7573297,24,2,18,86,6,53,2
id_757,稲荷凰庵　暦,京都市伏見区深草稲荷鳥居前町２２番地３,伏見区,簡易宿所,H30.3.28,34.9666045,135.7687136,21,7,52,82,12,98,2
id_758,洛庵．北野,京都市上京区今出川通御前通東入社家長屋町６８８番地,上京区,簡易宿所,H31.3.27,35.0137877,135.7662012,6,106,16,66,0,147,0
id_759,京町家　Ｍｅｌｌｏｗ　Ｓｔａｙ　五条烏丸,京都市下京区室町新町の間松原下る徳万町２０２番地７,下京区,簡易宿所,R4.3.24,34.9979588,135.7575698,24,37,43,86,0,124,18
id_760,夏嵐・四条大宮,京都市下京区綾小路通大宮西入坊門町７７６番地３,下京区,簡易宿所,H31.4.22,35.002081,135.7476842,27,4,4,80,3,56,7
id_761,鈴　プレミアム　八重,京都市下京区東中筋通六条下る学林町２８２番地１,下京区,簡易宿所,H31.2.26,34.9938458,135.7543025,14,5,0,28,0,24,1
id_762,町家レジデンスイン　まりこうじ,京都市下京区柳馬場通仏光寺下る万里小路町１７５番地,下京区,簡易宿所,R5.1.18,35.0005875,135.7638072,0,1,0,43,1,10,1
id_763,京恋　竹林邸,京都市東山区六波羅裏門通東入二丁目竹村町１４６番地６,東山区,簡易宿所,R2.12.8,34.9960571,135.7753335,14,0,1,42,9,26,1
id_764,Ｎａｚｕｎａ　京都　二条城,京都市中京区油小路通夷川下る薬屋町５８０番地,中京区,簡易宿所,H28.2.9,35.0146997,135.7537127,37,132,1,92,0,189,18
id_765,Ｎａｋａ　Ｈｏｕｓｅ　２,京都市伏見区深草フケノ内町１４番地１１　３Ｆ,伏見区,簡易宿所,R2.4.7,34.9671473,135.7676212,1,0,0,24,0,22,0
id_766,君の家,京都市南区八条内田町６０番地７,南区,簡易宿所,H29.8.22,34.9809395,135.7449637,17,11,1,57,3,68,0
id_767,Ｓｔａｙ ＳＡＫＵＲＡ・京都　東山白川,京都市東山区三条通南裏二筋目白川筋西入堤町５０７番地１，５０７番地２,東山区,簡易宿所,H30.11.13,35.008392,135.7794461,103,12,77,91,12,214,4
id_768,Ｔａｒｏｕ　ｈｏｕｓｅ,京都市上京区上長者町通千本西入五番町１７３番地６,上京区,簡易宿所,H29.5.2,35.0233396,135.7417991,9,66,40,91,8,182,7
id_769,洛庵．上七軒,京都市上京区今出川通御前通東入社家長屋町６９０番地３（１階部分）,上京区,簡易宿所,R2.2.12,34.9872052,135.774454,0,20,0,41,2,40,4
id_770,ＡＢｉｚ　ｈｏｔｅｌ,京都市中京区東木屋町通四条上る三丁目材木町１７８番地４、１７８番地,中京区,旅館・ホテル,R5.9.14,35.0079588,135.7707654,48,54,6,77,3,121,1
id_771,今熊野テラス　乾山庵,京都市東山区今熊野南日吉町１１１番地１８,東山区,簡易宿所,H30.11.22,34.9856266,135.7788655,17,2,5,27,0,33,1
id_772,インディゴハウス園１階,京都市東山区大和大路通四条下る四丁目小松町５６３番地２２,東山区,簡易宿所,H27.10.29,35.0001357,135.7751576,8,2,43,86,15,93,1
id_773,慶有魚　泉,京都市中京区西ノ京池ノ内町２６番地３９,中京区,簡易宿所,R3.11.1,35.0089571,135.7456023,1,0,1,31,0,12,4
id_774,ＲＥＳＩ　ＳＴＡＹ　ＨＥＡＲＴ,京都市下京区東洞院通七条上る飴屋町２５３番地,下京区,簡易宿所,H31.3.26,34.9898207,135.7609061,1,0,12,54,2,19,3
id_775,ＡＬＦＡ,京都市伏見区羽束師菱川町１４７番地,伏見区,簡易宿所,H22.9.8,34.9327567,135.714958,26,7,35,98,12,123,4
id_776,京宿　日和,京都市中京区聚楽廻中町４１番地５,中京区,簡易宿所,H28.10.26,35.0181024,135.7413319,10,0,0,31,0,12,0
id_777,宗恵庵,京都市下京区西高瀬川筋五条下る平居町２４番地,下京区,簡易宿所,H28.8.4,34.9949882,135.7660289,6,7,10,34,0,25,1
id_778,大原の里,京都市左京区大原草生町４１，４２，４８３番地,左京区,旅館・ホテル,H4.7.2,35.1230121,135.8224677,4,13,16,83,6,66,1
id_779,其中庵,京都市東山区八坂鳥居前東入る円山町7番地3先市有地,東山区,旅館・ホテル,H9.3.13,35.0036202,135.782797,5,10,5,89,2,28,4
id_780,京都粋伝庵はなれ　ホステル翆,京都市上京区上立売通浄福寺半丁西入上る真倉町７３２番地１，７３２番地２，７３４番地１，７３４番地２,上京区,簡易宿所,H30.5.15,35.0338704,135.7447068,8,7,70,75,6,100,7
id_781,京都の宿－ぎをんの月,京都市東山区四条通大和大路東入祇園町北側３４７番地１８,東山区,旅館・ホテル,R6.5.30,35.0047793,135.7768102,89,9,4,78,2,121,0
id_782,鈴　京都宮川筋　ｈｉｔｏｔｏｓｅ　穐,京都市東山区宮川筋四条下る宮川筋四丁目２９７番地１０、２９７番地２,東山区,簡易宿所,R6.1.9,35.0000374,135.7710965,34,7,3,72,9,55,0
id_783,KOKO HOTEL Residence 京都 二条城,京都市中京区釜座通御池上ル下松屋町７２４番地,中京区,簡易宿所,R1.6.18,35.0115048,135.7557239,1,39,2,43,0,49,1
id_784,ＧＵＥＳＴ　ＨＯＵＳＥ　ＭＩ・ＹＡ・ＢＩ（３階）,京都市中京区三条通烏丸東入梅忠町２０番地１東洞院通三条下る三文字町２０５番地１　烏丸アネックス３階,中京区,簡易宿所,H30.4.16,35.0078968,135.7607593,0,0,0,47,1,5,0
id_785,ゲストハウス宮之軒,京都市中京区壬生坊城町９番地３９,中京区,簡易宿所,R1.8.7,35.0040792,135.7469515,1,0,0,38,0,9,0
id_786,プライベートレジデンス　二条城　和,京都市中京区夷川通小川東入東夷川町６３６番地８,中京区,簡易宿所,H30.6.4,35.0147965,135.7543834,45,142,11,92,0,211,7
id_787,樂　院町　菫,京都市南区西九条院町２２番地２４,南区,簡易宿所,R7.9.1,34.9825617,135.7564197,3,0,11,66,1,66,1
id_788,京待家　喜々（ＫｉＫｉ）,京都市中京区西ノ京池ノ内町１８番地４０,中京区,簡易宿所,H29.5.1,35.0104907,135.7469809,20,23,3,47,1,69,8
id_789,休兵衛,京都市東山区高台寺北門前通下河原東入鷲尾町505-3,東山区,簡易宿所,H26.6.12,35.001455,135.7794239,4,1,22,51,22,60,3
id_790,嵐山　辨慶,京都市右京区嵯峨天龍寺芒ノ馬場町34,右京区,旅館・ホテル,S60.10.3,35.0136161,135.6752015,141,31,9,104,3,195,2
id_791,麗閣八坂,京都市東山区大和大路通四条下る四丁目小松町５６９番地６,東山区,簡易宿所,H29.11.7,34.9984671,135.7756668,0,2,0,31,0,3,0
id_792,京蘭ー瑠安邸,京都市左京区聖護院川原町３５番地２４,左京区,簡易宿所,H28.1.8,35.0177888,135.7772713,19,10,34,68,4,68,0
id_793,砺波詰所,京都市下京区不明門通万年寺下る高槻町361,下京区,簡易宿所,S39.9.11,34.993182,135.760576,15,0,36,68,1,58,5
id_794,,京都市上京区油小路通中立売下る甲斐守町１２１番地１９,上京区,施設外玄関帳場,,35.0240031,135.7531664,7,0,27,65,4,86,7
id_795,雅順,京都市東山区三条通白川橋東入三丁目夷町１６５番地２,東山区,簡易宿所,H26.1.6,35.0091676,135.7832508,4,0,4,21,0,9,0
id_796,,京都市伏見区深草六反田町１番地８,伏見区,施設外玄関帳場,,34.9705749,135.7678619,13,51,29,92,15,124,0
id_797,ホテル　エミオン　京都,京都市下京区朱雀堂ノ口町２０番地４,下京区,旅館・ホテル,R2.7.17,34.9895852,135.7422375,74,31,7,89,3,136,10
id_798,ゲストハウス　和楽庵,京都市左京区聖護院山王町19-2,左京区,簡易宿所,H18.7.6,35.0175348,135.7792126,12,7,22,61,3,77,5
id_799,ゲストハウス東山,京都市東山区今熊野南日吉町３０番地２２,東山区,簡易宿所,H22.10.25,34.9844941,135.7784351,6,10,5,77,9,49,10
id_800,,京都市上京区千本通笹屋町上る笹屋町３丁目６４１,上京区,施設外玄関帳場,,35.028445,135.742681,2,151,35,112,16,239,1
id_801,京都ユウベルホテル,京都市南区東九条石田町３９番地，３９番地３，４１番地３，４１番地４,南区,旅館・ホテル,H31.3.29,34.9735733,135.761606,22,10,14,69,6,65,0
id_802,ＩＲＯＲＩ京都駅東本願寺前,京都市下京区東洞院通正面東入廿人講町３３番地,下京区,簡易宿所,H30.2.15,34.991434,135.7612825,1,7,0,27,0,9,0
id_803,樂安居　院町　蓮,京都市南区西九条院町２４番地１２,南区,簡易宿所,R2.7.28,34.9821624,135.7563024,3,0,8,69,1,151,0
id_804,二条庵,京都市中京区聚楽廻東町３１番地９,中京区,簡易宿所,H29.1.17,35.0190055,135.7417113,29,0,5,66,2,61,7
id_805,Ｋｙｏｔｏ　Ｍａｃｈｉｙａ　銭屋町　朱,京都市下京区的場通新町東入銭屋町２５８番地７,下京区,簡易宿所,R1.10.24,34.9943679,135.7576702,2,12,12,60,2,32,0
id_806,二条　すみれ庵,京都市中京区姉小路通堀川東入鍛冶町１７２番地８他,中京区,簡易宿所,H27.12.10,35.0094321,135.7530135,40,54,6,78,3,110,7
id_807,ＴＯＭＯＲＩ,京都市下京区三ノ宮町通正面上る富松町２５０番地三ノ宮町通正面上る富浜町１８３番地１,下京区,簡易宿所,H30.4.27,34.9921283,135.7659456,3,37,32,105,3,116,1
id_808,ゲストハウス　小さな町家の美術館　鶴屋定家,京都市東山区高台寺南門通下河原東入桝屋町349番地23,東山区,簡易宿所,H27.9.7,34.9982309,135.7806764,61,40,112,111,15,242,13
id_809,ホスタ東寺　櫻,京都市南区東九条西山町２６番地４,南区,簡易宿所,H30.8.29,34.9786817,135.7551897,13,7,2,51,2,64,1
id_810,悠・南聖町,京都市中京区西ノ京南聖町１４番地４,中京区,簡易宿所,R6.12.5,35.0094096,135.7431223,1,10,1,25,0,18,1
id_811,ヴィーガン民宿三匹猫（Vegan Minshuku SanbikiNeko）,京都市東山区今熊野南日吉町９０番地,東山区,簡易宿所,H30.8.10,34.9853245,135.7797653,64,50,35,104,12,170,5
id_812,京蘭　柳月邸,京都市伏見区深草森吉町６番地２３,伏見区,簡易宿所,R6.8.14,34.9713866,135.7698027,13,10,40,90,12,131,2
id_813,京都　松や,京都市東山区本町六丁目１５番地,東山区,簡易宿所,H28.11.22,34.9887972,135.7697239,8,8,7,30,0,23,0
id_814,Ｓｔａｙ　ＳＡＫＵＲＡ　京都　二条四季,京都市中京区聚楽廻松下町３番地１３,中京区,簡易宿所,H30.3.22,35.0181062,135.7379524,8,66,11,111,3,116,10
id_815,百代家　京都　池ノ内町,京都市南区西九条池ノ内町３４番地１０,南区,簡易宿所,R7.10.22,34.98393,135.7525588,4,2,23,84,16,93,2
id_816,二条伊勢邸,京都市上京区日暮通丸太町下る南伊勢屋町７６８番地,上京区,簡易宿所,H31.3.19,35.0171604,135.7474824,6,34,22,58,0,91,3
id_817,ゲストハウス　茜別邸,京都市南区東寺東門前町５４番地１,南区,簡易宿所,H29.2.14,34.9829935,135.7497956,18,9,2,67,12,51,1
id_818,Ｓｔａｙ　ＳＡＫＵＲＡ　Ｋｙｏｔｏ　二条城西Ⅰ,京都市中京区聚楽廻中町５１番地１０,中京区,簡易宿所,H29.6.29,35.0167022,135.7411353,18,4,3,47,2,54,1
id_819,ホホホ座　ねどこ,京都市左京区浄土寺馬場町２番地７　２Ｆ,左京区,簡易宿所,H30.8.17,35.0234363,135.792589,1,2,0,23,1,5,0
id_820,京の宿　千鶴別邸,京都市東山区清閑寺霊山町５番地２１,東山区,簡易宿所,R2.7.16,34.9978711,135.7836304,46,16,14,46,4,82,0
id_821,和ゲストハウス高瀬川,京都市下京区木屋町通正面下る十禅師町１９６番地１,下京区,簡易宿所,R7.7.8,34.9907586,135.7657604,4,4,35,77,0,57,10
id_822,慶有魚　八坂,京都市東山区中道通松原上る月輪町９５番地４,東山区,簡易宿所,H30.10.30,34.9982259,135.7774861,13,0,3,16,0,17,0
id_823,花木馬,京都市南区東九条南松ノ木町１２番地７,南区,簡易宿所,R3.10.15,34.9769676,135.7647186,8,0,0,53,2,28,0
id_824,ＴＥＲＲＡＣＥ　ＫＩＹＯＭＩＺＵ　ＫＹＯＴＯ,京都市東山区東大路通五条上る遊行前町５８３番地３,東山区,簡易宿所,H30.3.20,34.9950103,135.7773781,3,16,2,56,1,26,0
id_825,ＭＯＮｄａｙ　Ａｐａｒｔ　Ｐｒｅｍｉｕｍ　京都駅鴨川,京都市下京区西木屋町通七条上る新日吉町１３７番地,下京区,簡易宿所,R6.11.22,34.989085,135.7652619,17,23,16,68,5,63,0
id_826,ムンド,京都市上京区日暮通下立売上る天秤町５９６番地,上京区,簡易宿所,H22.7.14,35.0204281,135.747869,13,10,6,109,6,95,10
id_827,柏・清水２,京都市東山区馬町通妙法院北門前妙法院前側町４２７番地１３,東山区,簡易宿所,R3.4.27,34.9915226,135.7740002,18,1,14,48,1,45,1
id_828,Ｇｕｅｓｔ　ｈｏｕｓｅ　Ｎｉｊｏ　ｓｔａｔｉｏｎ　亮（Ｒｙｏ）,京都市中京区壬生中川町９番地１３,中京区,簡易宿所,H30.8.31,35.0084009,135.7369138,0,25,0,41,1,30,1
id_829,京都雅楼,京都市下京区高倉通仏光寺上る西前町３６７番地８、３６７番地９,下京区,簡易宿所,H30.4.25,35.0016374,135.7625251,54,4,4,82,7,77,7
id_830,梅苑邸,京都市東山区今熊野椥ノ森町１０番地３,東山区,簡易宿所,R6.11.27,34.9841755,135.7743742,18,6,16,56,6,94,0
id_831,ＨＯＰＥ ＴＲＥＥ　京都,京都市伏見区深草善導寺町１８番地１０、１８番地１１,伏見区,簡易宿所,R2.3.16,34.9467881,135.7582022,0,33,8,41,9,74,0
id_832,LANDFORM workshop cottage KEIHOKU,京都市右京区京北比賀江町中西１１番地６,右京区,簡易宿所,R5.10.27,35.1830015,135.6661629,29,15,0,51,0,71,0
id_833,優り草,京都市左京区新麩屋町通仁王門下る大菊町１０９番地,左京区,簡易宿所,R4.2.25,35.0117672,135.7742176,4,0,4,34,1,11,0
id_834,慶有魚　心居,京都市東山区本町八丁目７１番地,東山区,簡易宿所,R1.12.2,34.9870493,135.7699097,0,3,1,37,2,11,1
id_835,十四春旅館,京都市下京区諏訪町通松原下る弁財天町３２６番地,下京区,旅館・ホテル,H30.12.10,34.9984141,135.7586638,2,2,0,54,5,17,3
id_836,レジステイ　ＴＳＵＢＡＫＩ,京都市東山区宮川筋四条下る宮川筋五丁目３２９番地２,東山区,簡易宿所,H30.5.21,34.9988518,135.7704922,16,0,0,48,0,30,4
id_837,「京の温所」西陣　別邸,京都市上京区浄福寺通中筋下る竪亀屋町２６５番地１中筋通浄福寺東入菱屋町２７１番地１，２７３番地１,上京区,簡易宿所,R1.8.21,35.0290254,135.7456579,2,181,32,104,1,278,10
id_838,ぴーすはうす桜,京都市東山区大和大路通五条上る東入門脇町１８８番地１，１９３番地１２,東山区,簡易宿所,R3.8.19,35.0012678,135.7692946,20,0,2,43,1,32,2
id_839,三玉亭,京都市伏見区稲荷山官有地三ツ辻,伏見区,旅館・ホテル,S42.6.16,34.9701797,135.778656,1,37,3,73,9,58,1
id_840,ＣＡＭＰＴＯＮ　東山　ろく,京都市東山区大黒町通松原下る二丁目山城町２８５番地４,東山区,簡易宿所,R3.3.23,34.9972125,135.7713652,6,2,27,71,0,43,4
id_841,ろうじ屋,京都市中京区西ノ京池ノ内町２２－５８,中京区,簡易宿所,H22.6.10,35.0092174,135.7453095,4,17,2,21,0,23,0
id_842,ハイアットリージェンシー京都,京都市東山区三十三間堂廻リ６４４番地２,東山区,旅館・ホテル,H18.3.10,34.9878845,135.7717126,34,1,4,65,9,48,0
id_843,慶有魚　杉屋,京都市下京区松原通柳馬場西入杉屋町２８５番地６,下京区,簡易宿所,R2.8.26,34.999225,135.7635887,4,8,0,32,0,12,0
id_844,Ｔ’ｓ　Ｇｕｅｓｔ　Ｈｏｕｓｅ,京都市上京区千本通元誓願寺下る松屋町３９９番地２階,上京区,簡易宿所,H30.5.28,35.0288151,135.7421785,11,70,46,106,6,186,10
id_845,如意居,京都市左京区田中関田町３４番地１０,左京区,簡易宿所,H29.10.12,35.027774,135.7745177,0,2,4,33,0,7,0
id_846,恒和居,京都市下京区猪熊通高辻下る高辻猪熊町３４４番地,下京区,簡易宿所,R2.11.20,34.9999543,135.7507408,0,0,0,50,4,8,3
id_847,京都駅前蘭苑　Ｋｙｏｔｏ　ｓｔａｔｉｏｎ　Ｌａｎｙｅｎ,京都市南区東九条中殿田町１３番地１１,南区,簡易宿所,R6.4.30,34.9815982,135.7577177,1,4,3,24,0,19,0
id_848,うえむら,京都市東山区八坂鳥居前下る下河原町463-34,東山区,旅館・ホテル,S20.12.5,35.0001947,135.7793893,8,3,8,116,18,50,1
id_849,ＫＯＵ西陣,京都市上京区寺之内通浄福寺西入二丁目下る姥ケ北町７９２番地,上京区,簡易宿所,R1.8.16,35.0336513,135.7441146,8,37,20,52,0,71,5
id_850,野田家,京都市左京区大原戸寺町196,左京区,旅館・ホテル,S42.9.18,35.1076339,135.8241792,19,0,11,76,1,72,5
id_851,ＧＬＡＮＳＩＴ　ＫＹＯＴＯ　ＫＡＷＡＲＡＭＡＣＨＩ,京都市中京区河原町通四条上る米屋町３８０番地２,中京区,簡易宿所,H30.9.13,35.0046237,135.7696136,5,7,1,23,0,18,0
id_852,ＡＢホテル京都四条堀川,京都市下京区四条通堀川東入柏屋町５番地,下京区,簡易宿所,R1.8.1,35.0040573,135.7525049,18,80,6,86,7,131,18
id_853,都和旅館,京都市下京区東中筋通七条上る文覚町395番地,下京区,旅館・ホテル,H17.4.25,34.9901899,135.7546647,0,0,26,37,0,32,1
id_854,木原ビル２０１,京都市下京区綾小路通東洞院東入神明町２３３番地３木原ビル２階,下京区,簡易宿所,H29.12.25,35.0026255,135.762171,32,5,7,82,3,56,7
id_855,ゲストハウス宮之軒伏見稲荷～心～,京都市東山区本町通五条下る本町十九丁目４２７番地２,東山区,簡易宿所,R2.5.7,34.9738567,135.7708985,0,4,1,39,0,14,0
id_856,ＫＡＢＩＮ　Ｍａｃｈｉ,京都市下京区麩屋町通綾小路下る俵屋町２９８番地,下京区,簡易宿所,R5.6.28,35.0018241,135.7657512,0,8,0,32,1,12,0
id_857,京小宿　室町　ゆとね,京都市下京区室町新町の間松原下る徳万町１９９番地，２００番地,下京区,旅館・ホテル,H30.10.29,34.9984693,135.7575269,0,3,4,19,0,10,0
id_858,京都　四条高倉ホテル　ｇｒａｎｄｅｒｅｖｅｒｉｅ,京都市下京区高倉通四条下る高材木町２２５番地,下京区,旅館・ホテル,H30.10.25,35.0026291,135.7624924,33,31,18,56,2,85,0
id_859,喜舎,京都市上京区日暮通丸太町上る西入西院町７４７番地５０,上京区,簡易宿所,H30.4.17,35.0190083,135.7467796,6,114,3,71,1,153,5
id_860,,京都市南区東九条宇賀辺町２６番地３,南区,施設外玄関帳場,,34.9786135,135.7651587,7,0,0,25,2,27,0
id_861,清水家,京都市東山区松原通大和大路東入二丁目轆轤町１１８番地４,東山区,簡易宿所,H30.8.31,34.9979242,135.7751746,6,34,37,80,39,120,4
id_862,別邸　樹下,京都市東山区八坂塔之下星野町９３番地１４，９３番地１５,東山区,簡易宿所,R1.7.4,34.9985747,135.7780523,18,0,22,50,1,45,2
id_863,ＮＡＺＵＮＡ　京都　椿通　ＴＡＫＥ－２２,京都市下京区高辻通大宮西入坊門町８３６番地２２,下京区,簡易宿所,R2.6.1,34.9994657,135.7484493,13,3,16,53,0,42,5
id_864,東横イン京都五条大宮,京都市下京区大宮通五条下る２丁目西側中堂寺前町５０２－５,下京区,旅館・ホテル,H22.8.30,34.9945364,135.7488828,14,18,2,65,0,55,3
id_865,ホテルオークラ京都,京都市中京区河原町通二条南入一之船入町537番地の4,中京区,旅館・ホテル,H6.6.15,35.0118482,135.7694265,22,20,1,56,0,67,0
id_866,蒼　京都駅南,京都市南区西九条針小路町５８番地,南区,簡易宿所,R3.1.14,34.9828268,135.7515635,2,1,8,58,4,42,0
id_867,清水美居,京都市東山区五条通若宮八幡前東入慈法院庵町５９４番地,東山区,簡易宿所,R6.5.29,34.9929932,135.7757826,0,0,1,36,0,4,2
id_868,香柏　二条城北,京都市上京区日暮通丸太町上る西入西院町７４６番地７６,上京区,簡易宿所,R2.4.16,35.0188368,135.7464442,2,13,0,32,1,26,0
id_869,一棟貸し町家　珠乃,京都市中京区小川通二条下る古城町３６７番地１,中京区,簡易宿所,R6.10.22,35.0124199,135.7544967,7,58,21,101,1,125,18
id_870,栄の屋,京都市左京区丸太町通川端東入東丸太町１４番地３５,左京区,簡易宿所,H30.10.16,35.0169977,135.7735484,30,38,26,109,1,144,1
id_871,月光荘,京都市北区紫野南舟岡町73-18,北区,簡易宿所,H17.9.9,35.0373644,135.7449493,18,5,7,45,1,74,0
id_872,樺屋,京都市下京区西木屋町通松原上る二丁目天満町４５６番地２１,下京区,簡易宿所,R2.12.17,34.9999792,135.7685369,7,1,1,39,0,22,1
id_873,稲荷凰庵　昴,京都市伏見区深草稲荷鳥居前町２２番地３（家屋番号３４）,伏見区,簡易宿所,H31.1.28,34.9666045,135.7687136,9,8,3,82,30,56,2
id_874,京のおおぞら風華　桔梗,京都市下京区油小路通松原下る樋口町２９２番地　北棟,下京区,簡易宿所,R2.9.29,34.9980249,135.7538084,1,12,0,49,0,18,1
id_875,有限会社伊香詰所,京都市下京区不明門通七条上ル粉川町２３３番地,下京区,簡易宿所,H18.6.28,34.9899838,135.7605631,7,0,4,17,0,13,1
id_876,ＮＡＺＵＮＡ　京都　椿通　ＩＷＡ－１３,京都市下京区高辻通大宮西入坊門町８３６番地１３,下京区,簡易宿所,R2.3.31,34.9994568,135.748681,1,5,17,30,0,24,0
id_877,ＧＡＭＯＮ,京都市南区八条源町４４番地１６,南区,簡易宿所,H29.1.19,34.9845214,135.743939,17,14,18,90,1,79,2
id_878,Ｍａａｎａ　Ｋａｍｏ,京都市東山区問屋町通五条下る三丁目西橘町４８１番地３,東山区,簡易宿所,R2.2.20,34.9929749,135.7681952,5,1,27,76,0,39,4
id_879,日照堂町家・ＨＩＫＡＲＵ　ＯＩＫＥ,京都市中京区西洞院通御池下る三坊西洞院町７８３番地,中京区,簡易宿所,R2.5.22,35.009887,135.7553989,1,13,1,17,0,17,0
id_880,Ｇｕｅｓｔ　Ｈｏｕｓｅ　Ｌｉｔｔｌｅ　Ｒｅｔｒｅａｔ  ゲストハウス リトル・リトリート,京都市伏見区深草芳本町６６４番地２,伏見区,簡易宿所,H28.10.11,34.9499469,135.7693212,3,15,10,34,4,109,0
id_881,Ｇｕｅｓｔ　Ｈｏｕｓｅ　Ｎｏｂｉ,京都市下京区岩上通木津屋橋下る松本町１１８番地,下京区,簡易宿所,R3.6.29,34.9873474,135.7517191,0,1,0,39,0,8,1
id_882,冠邸,京都市中京区壬生御所ノ内町２７番地２０,中京区,簡易宿所,H30.3.13,35.003983,135.7438023,111,47,1,68,3,170,7
id_883,菊ノ井,京都市東山区下河原通八坂鳥居前下る下河原町459-93,東山区,旅館・ホテル,S24.10.20,35.001446,135.781691,5,0,0,21,4,13,0
id_884,永巧舎六号館,京都市中京区壬生西大竹町２３番地（家屋番号４）,中京区,簡易宿所,R1.8.15,35.007318,135.7328808,8,10,1,29,0,23,1
id_885,緑風荘,"京都市下京区西洞院通六条上る金屋町491-1,2.3.4,490,493",下京区,旅館・ホテル,H1.10.26,34.9944021,135.7554303,29,33,97,79,3,170,7
id_886,桜　ＳＡＫＵＲＡ,京都市南区東九条宇賀辺町６０番地４　２階,南区,簡易宿所,H30.7.25,34.9775678,135.7644396,1,3,9,34,2,39,0
id_887,晴樂,京都市下京区高倉通花屋町下る若松町４１５番地１,下京区,簡易宿所,R2.8.25,34.993207,135.7622512,19,27,4,85,0,58,7
id_888,妙顕寺,京都市上京区寺之内通新町西入妙顕寺前町514,上京区,簡易宿所,S52.8.1,35.0349593,135.7540985,6,0,0,41,0,23,0
id_889,開化（北）,京都市北区紫野上門前町６６番地　北側,北区,簡易宿所,H29.11.27,35.0453734,135.7478508,7,0,0,23,4,13,0
id_890,ＫＹＯＳＴＡＹいろは小紫２,京都市南区西九条針小路町２２番地８（西側）,南区,簡易宿所,R7.2.17,34.9825081,135.7511423,6,4,5,44,0,31,0
id_891,スマートプレイスイン京都四条大宮イースト,京都市中京区岩上通錦小路下る松浦町８４９番地１,中京区,簡易宿所,R3.1.29,35.004695,135.7510875,45,7,7,82,7,86,1
id_892,柔らかい月-ｍａｉｓｅｍｏｉｊａｎ-,京都市南区四ツ塚町６８番地,南区,簡易宿所,H29.7.4,34.9789616,135.7451155,21,2,3,87,8,42,2
id_893,京都センチュリーホテル,京都市下京区東洞院通七条下る東塩小路町６８０番地,下京区,旅館・ホテル,H31.1.18,34.9861928,135.7614596,62,31,83,101,7,192,7
id_894,流雲荘,京都市南区東九条松田町９９番地,南区,簡易宿所,H28.2.12,34.9748834,135.753936,1,6,1,52,0,14,0
id_895,京紫,京都市北区紫野中柏野町３７番地１４,北区,簡易宿所,H28.8.26,35.0354627,135.7364236,29,31,6,79,12,96,2
id_896,夕禅,京都市下京区西七条北東野町１１５番地,下京区,簡易宿所,H29.2.28,34.989342,135.7383381,1,0,7,35,0,8,0
id_897,Ｍａｉｋｏ－ｈａｎ　ｉｎｎ　Ｋｙｏｔｏ,京都市東山区泉涌寺五葉ノ辻町２０番地２,東山区,簡易宿所,H30.5.14,34.9823319,135.7716948,0,1,0,45,4,6,0
id_898,洋々（ＹｏＹｏ）,京都市中京区西ノ京冷泉町３番地,中京区,簡易宿所,H28.8.22,35.0160333,135.7354216,57,78,1,95,9,152,7
id_899,,京都市東山区鞘町通七条上る下堀詰町２５７番地２の２,東山区,施設外玄関帳場,,34.9901088,135.768176,1,1,7,22,0,11,0
id_900,廣誠院宿坊,京都市中京区河原町通二条下る一之船入町５３８番地１,中京区,簡易宿所,H30.1.11,35.0119618,135.7700654,1,8,1,24,0,10,0
id_901,Ｃ２　ＫＹＯＴＯ　ＳＵＩＴＥ,京都市下京区鍵屋町通烏丸西入鍵屋町３３３番地,下京区,旅館・ホテル,R2.6.12,34.9950238,135.7587624,1,8,1,35,1,12,1
id_902,,京都市南区東九条上御霊町２番１　SOWA京都駅前ビル１F,南区,施設外玄関帳場,,34.9806385,135.7614411,7,1,0,21,1,11,0
id_903,ホテルクオーレ京都四条大宮,京都市下京区黒門通四条下る下り松町１６７番地,下京区,旅館・ホテル,R1.5.31,35.0026016,135.7496368,5,7,5,38,0,22,1
id_904,祇園清水庵,京都市東山区松原通大和大路東入二丁目轆轤町１０２番地５,東山区,簡易宿所,R5.4.28,34.9979584,135.7742317,32,1,22,78,9,69,3
id_905,四季々々　東山,京都市東山区三条通南裏白川筋西入二丁目八軒町４４９番地２,東山区,簡易宿所,H31.3.26,35.0090388,135.7793614,0,5,36,57,0,42,0
id_906,ふらっと高台寺,京都市東山区清閑寺霊山町５番地５,東山区,簡易宿所,H30.10.1,34.9978929,135.783223,6,2,46,91,2,67,1
id_907,鳴間の宿,京都市南区唐橋門脇町１１番地８,南区,簡易宿所,R2.3.9,34.9825268,135.7366822,58,29,18,83,8,396,0
id_908,スマートプレイスイン京都二条城堀川,京都市中京区新シ町通三条下る下一文字町３２９番地,中京区,簡易宿所,R2.12.10,35.0077667,135.7495813,16,23,0,52,1,46,3
id_909,Ｓｔａｙ ＳＡＫＵＲＡ 京都　祭,京都市下京区岩上通木津屋橋下る伊勢松町１１５番地１,下京区,簡易宿所,H31.4.15,34.9875234,135.7514304,0,8,8,45,1,21,0
id_910,夢花壬生　紅葉,京都市中京区壬生下溝町２６番地１５,中京区,簡易宿所,H31.1.29,34.9991826,135.738887,0,23,0,48,1,34,0
id_911,,京都市南区西九条南田町１番地４　東寺ハイム２０３号室,南区,施設外玄関帳場,,34.9762484,135.7464904,3,8,0,62,6,26,2
id_912,Ｋｉｔａｎｏ－Ｈａｋｕｂａｉｃｈｏ　ＩＮＮ　Ｎｏ．２,京都市北区大将軍川端町６番地，９番地,北区,簡易宿所,R1.9.10,35.0260996,135.7322968,12,4,2,37,4,43,0
id_913,ひふみ旅館,京都市下京区不明門通七条下る東塩小路町711,下京区,旅館・ホテル,S51.6.16,34.9884672,135.7604636,19,21,27,80,3,77,5
id_914,Ｓｔａｙ　ＳＡＫＵＲＡ　ｋｙｏｔｏ　東本願寺,京都市下京区西洞院通五条下る小柳町５０２番地１，５０３番地１,下京区,簡易宿所,H30.10.31,34.99531,135.7549861,12,13,16,55,0,67,0
id_915,京粋庵　琥珀邸,京都市東山区泉涌寺五葉ノ辻町２番地,東山区,簡易宿所,R7.12.16,34.9820716,135.7709356,0,9,4,72,9,39,3
id_916,兆　ＫＩＺＡＳＨＩ　ＴＨＥ　ＳＵＩＴＥ　京都祇園,京都市東山区祇園町北側２７５祇園くろちくビル３、４階,東山区,旅館・ホテル,H21.3.18,35.0042102,135.7758035,3,16,16,55,4,65,0
id_917,Ｋｙｏｔｏ　幸,京都市南区西九条南田町４４番地５,南区,簡易宿所,R5.3.13,34.9787244,135.7488502,6,0,1,45,2,36,0
id_918,Ｅｘｐｏ　Ｃｏｔｔａｇｅ　逢　－Ａｉ,京都市北区紫野西藤ノ森町２番地３６,北区,簡易宿所,H29.1.12,35.0368532,135.7462592,7,16,10,101,15,71,2
id_919,arcana villa kyoto arashiyama,京都市右京区嵯峨天龍寺芒ノ馬場町４５番地２０,右京区,簡易宿所,R6.1.31,35.014889,135.6745964,5,33,23,87,3,94,0
id_920,ダブルツリーｂｙヒルトン京都東山,京都市東山区本町一丁目４５番地,東山区,旅館・ホテル,R5.8.1,34.9951401,135.7696207,21,0,0,33,2,26,0
id_921,慶有魚　奏　南側,京都市下京区高辻通油小路東入永養寺町２３７番地３８、２３７番地６　南側,下京区,簡易宿所,R5.7.26,35.0002217,135.7543752,3,5,37,97,3,69,7
id_922,ホテル　クーナ,京都市西京区大枝沓掛町２６番地３０,西京区,旅館・ホテル,H17.10.31,34.9801089,135.6557972,18,37,0,57,15,99,0
id_923,ＴＨＥ　ＳＣＲＥＥＮ,京都市中京区寺町通丸太町下る下御霊前町６４０番地１,中京区,旅館・ホテル,H22.4.28,35.0171226,135.7670472,9,74,8,106,3,149,7
id_924,衣千花-ICHIKA-,京都市伏見区桃山最上町６１番地６,伏見区,簡易宿所,R7.6.25,34.9438715,135.7664658,2,51,4,76,2,138,2
id_925,柊家　別館,京都市中京区御幸町通二条下る山本町431,中京区,旅館・ホテル,S34.7.27,35.0128695,135.7666949,3,31,1,49,0,39,3
id_926,農家民宿　ほろろん,京都市右京区京北大野町廣畑４５番地,右京区,簡易宿所,H29.5.2,35.194895,135.6824332,5,0,0,21,0,18,0
id_927,Ｆｏｒｅｓｔ　Ｇｕａｒｄｉａｎ　Ｈｏｔｅｌ　京都御所西,京都市上京区小川通下立売上る勘兵衛町１３２番地,上京区,旅館・ホテル,R5.11.15,35.0203422,135.7540591,1,39,8,45,0,59,1
id_928,鈴　京都八坂南１,京都市東山区下河原通八坂鳥居前下る上弁天町４４５番地１,東山区,簡易宿所,R3.10.19,35.0017453,135.7778799,27,10,4,74,1,49,4
id_929,京のおおぞら 祇園 翠,京都市東山区智恩院新門前大和大路東入二丁目中之町２３６番地３，２３６番地４,東山区,簡易宿所,R4.4.1,35.0060918,135.7749603,29,2,3,82,0,55,3
id_930,かね助,京都市中京区壬生相合町２５番地７,中京区,簡易宿所,H28.8.22,34.9999909,135.7467589,0,20,0,42,1,25,1
id_931,ゲストハウス　ベル伏見,京都市伏見区紺屋町１６９番地,伏見区,簡易宿所,H28.6.20,34.9362431,135.7601091,2,0,0,27,4,19,0
id_932,ホテル　エルシエント京都八条口,京都市南区東九条東山王町１３番地,南区,旅館・ホテル,H16.9.30,34.9829717,135.7618725,30,16,20,82,1,67,0
id_933,京町屋　プライベートレジデンス  二条城　帆（Ｈａｎ）,京都市中京区大宮通姉小路下る姉大宮町西側８７番地,中京区,簡易宿所,H30.12.21,35.009725,135.7487952,9,62,12,107,4,108,7
id_934,ｍｅｅｔ　東九条,京都市南区東九条東御霊町１番地３８,南区,簡易宿所,R2.5.27,34.9773173,135.7630551,2,9,8,72,0,61,1
id_935,京都市宇津峡公園,京都市右京区京北下宇津町向ヒ山1，1-1，2-1，3，7-1,右京区,簡易宿所,H9.3.31,34.8334632,137.2029567,0,1,2,34,0,21,0
id_936,楽福　伏見稲荷　ＴＳＫＲ,京都市伏見区深草稲荷鳥居前町１４番地１,伏見区,簡易宿所,R6.10.28,34.9668412,135.7696302,2,3,12,43,0,22,0
id_937,Ｓｈｉｚｕｒｕ 鴨川,京都市下京区木屋町通松原上る三丁目天王町１４５番地１,下京区,旅館・ホテル,R5.11.14,35.001603,135.7699059,0,3,3,21,0,7,0
id_938,Ｅｘｐｏ　Ｃｏｔｔａｇｅ　３,京都市北区紫野南舟岡町３９番地１９,北区,簡易宿所,H30.7.17,35.0362445,135.7442069,6,2,2,108,15,100,2
id_939,京　楽　家,京都市南区唐橋高田町３２番地７,南区,簡易宿所,H30.7.25,34.9804015,135.7420759,3,2,0,25,1,10,0
id_940,Ｇｕｅｓｔ　ｓｕｉｔｅｓ　福菊,京都市伏見区深草下川原町５６番地６,伏見区,簡易宿所,H29.12.25,34.9697591,135.7627464,9,7,27,67,6,49,0
id_941,七条庵,京都市下京区七条通木屋町上る大宮町２０５番地８,下京区,簡易宿所,R1.7.22,34.9898283,135.7656388,21,8,8,44,0,47,1
id_942,ゲストハウス京都伏見・翁邸,京都市伏見区東柳町５０１番地１，５０１番地２,伏見区,簡易宿所,H29.2.21,34.9287331,135.7600745,8,6,0,56,0,20,1
id_943,誉　稲荷邸,京都市伏見区深草秡川町２２番地２２,伏見区,簡易宿所,R4.10.28,34.9674516,135.7683248,8,41,27,77,12,119,2
id_944,Ｗｅｓｔ　Ｊａｐａｎ　京都清水,京都市東山区松原通大和大路東入三丁目新シ町１３３番地，１３４番地３,東山区,簡易宿所,R2.6.9,34.9978807,135.7762829,6,36,97,101,12,158,4
id_945,石長本館　松菊園,京都市中京区土手町通竹屋町下る末丸町284-20,中京区,旅館・ホテル,S44.12.27,35.015362,135.7701331,0,0,0,31,0,0,0
id_946,ＭＩＭＡＲＵ京都　新町三条,京都市中京区新町通三条上る町頭町１０５番地,中京区,簡易宿所,R2.2.10,35.0093534,135.7566891,4,5,1,19,0,13,0
id_947,秋桜館Ｃｏｓｍｏｓ,京都市中京区壬生下溝町１７番地２,中京区,簡易宿所,R5.11.15,35.0000556,135.7378762,7,8,2,28,0,21,0
id_948,京都ｉｎｎ美桜,京都市東山区一橋宮ノ内町１５番地１１，２０番地８，５５番地,東山区,簡易宿所,R1.11.12,34.9876625,135.7688112,7,14,40,104,15,91,4
id_949,メグル家,京都市下京区高倉通松原下る西入福田寺町５２番地　西,下京区,簡易宿所,H31.3.5,34.998068,135.7622213,4,31,43,85,3,91,7
id_950,Ｍａｃｈｉｙａ　Ｉｃｈｉｊｏｊｉ　ｓｉｎｃｅ１９３１,京都市左京区一乗寺西杉ノ宮町６番地,左京区,簡易宿所,R2.3.16,35.0466886,135.7861402,0,0,2,67,4,26,7
id_951,さなり近衛殿,京都市上京区新町通今出川一丁上る東入近衛殿北口町１９２番地,上京区,簡易宿所,H29.5.2,35.0308584,135.7548843,1,7,0,71,6,47,7
id_952,ＨＡＥＮＧＲＡＮＧ,京都市南区西九条院町２２番地４６,南区,簡易宿所,H29.10.3,34.9824998,135.756664,3,10,34,77,6,69,4
id_953,みつた荘,京都市左京区花脊原地町２４８番地,左京区,旅館・ホテル,H9.8.22,35.2368098,135.7792463,0,8,4,28,2,46,0
id_954,上黒門町　葵,京都市中京区黒門通六角下る上黒門町３７０番地,中京区,簡易宿所,H28.8.22,35.0071862,135.7496301,57,66,25,90,3,169,7
id_955,ｎｉｃｈｉｎｉｃｈｉ,京都市東山区鞘町通五条下る四丁目正面町３０９番地２,東山区,簡易宿所,R7.6.6,34.9921066,135.769054,18,7,14,51,0,53,0
id_956,Ｋａｍｏｎ　Ｉｎｎ　Ｔｏｊｉ　Ｍｉｃｈｉ,京都市南区西九条唐橋町４８番地,南区,簡易宿所,R1.10.23,34.9816779,135.7509787,0,0,7,56,2,22,0
id_957,祇園松原庵,京都市東山区松原通大和大路西入弓矢町９番地,東山区,簡易宿所,R6.10.1,34.9986409,135.7709468,24,9,22,65,1,57,0
id_958,京都小景一号,京都市南区東九条明田町４１番地５,南区,簡易宿所,R7.4.18,34.9758065,135.7606513,0,2,0,24,1,14,0
id_959,宿はる家Ａｑｕａ２,京都市下京区和気町１番地,下京区,簡易宿所,H24.10.10,34.9884206,135.7470642,1,7,8,37,0,17,0
id_960,山喜久,京都市中京区御池河原町東入一之船入町537,中京区,旅館・ホテル,S37.11.27,35.011338,135.7699064,7,7,18,77,0,43,1
id_961,Ｍｉｎｇ’ｓ　Ｈｏｕｓｅ　Ｋｙｏｔｏ,京都市南区東九条東札辻町２６番地２,南区,簡易宿所,R3.7.16,34.9770431,135.7633683,0,2,2,26,0,20,0
id_962,文　Ａｙａ　ｉｎｎ　烏丸五条,京都市下京区不明門通五条下る上平野町４６０番地１,下京区,簡易宿所,H29.2.27,34.9954412,135.7606044,2,23,20,80,2,59,7
id_963,香柏　西陣　綴,京都市上京区六軒町通五辻上る末広町２１番地５,上京区,簡易宿所,R2.3.10,34.7655441,135.5323764,3,0,8,35,0,25,1
id_964,ちとせ,京都市伏見区南新地58,伏見区,旅館・ホテル,S53.1.12,34.9279227,135.7591392,15,23,0,57,0,88,0
id_965,ＡＳＡＩ京都四条,京都市下京区松原通烏丸東入南側俊成町４４４番地,下京区,旅館・ホテル,R5.5.19,34.9986592,135.7603643,1,27,2,45,1,36,4
id_966,平旅籠 ひばり,京都市下京区朱雀分木町５７番地２，５７番地３,下京区,簡易宿所,H29.7.31,34.9925372,135.739992,1,0,1,50,1,23,0
id_967,株式会社　日本館,京都市下京区烏丸通七条下る西入東塩小路町696-1,下京区,旅館・ホテル,S34.2.18,34.9886849,135.7581548,22,29,27,77,3,88,7
id_968,沐月居（もっげつきょ）,京都市下京区仏具屋町通五条下る上錫屋町７４番地２の２南側,下京区,簡易宿所,R5.8.30,34.995061,135.7560376,0,0,8,48,0,27,4
id_969,アーバンホテル京都四条プレミアム,京都市下京区堀川通四条下る四条堀川町２７２番地６,下京区,旅館・ホテル,R1.9.27,35.0028074,135.7524195,3,23,41,70,0,101,3
id_970,季・鞍馬口,京都市上京区室町通鞍馬口下る二丁目竹園町１６番地２,上京区,簡易宿所,H29.5.23,35.0363227,135.7582903,1,34,16,51,0,53,0
id_971,ｔｅｒｒａ,京都市東山区本町十七丁目３３６番地,東山区,簡易宿所,R7.5.20,34.9774317,135.7708613,29,10,0,71,12,61,4
id_972,ＳＨＵＮＪＵ　ＲＯＯＪＩ,京都市南区西九条唐橋町３８番地,南区,簡易宿所,R2.3.24,34.9811705,135.7513119,66,2,4,111,8,119,6
id_973,今熊野テラス　木米庵,京都市東山区今熊野南日吉町１１１番地１北から２軒目,東山区,簡易宿所,R1.8.15,34.9857818,135.7787647,40,2,29,82,12,95,1
id_974,静鉄ホテルプレジオ京都烏丸御池,京都市中京区車屋町通御池上る塗師屋町３３９番地,中京区,旅館・ホテル,R1.5.24,35.0115624,135.7605433,10,17,4,33,2,36,1
id_975,映・花見堂,京都市東山区三条通南二筋目白川筋西入二丁目進之町５９６番地４,東山区,簡易宿所,R6.4.12,35.0080856,135.7770929,5,0,0,21,0,9,0
id_976,別邸　凛,京都市南区東九条北烏丸町８番地１０,南区,簡易宿所,H29.3.23,34.9813944,135.7593733,7,1,1,43,5,50,0
id_977,長谷川,京都市東山区本町通五条下る本町十九丁目３９９番地,東山区,簡易宿所,H31.1.23,34.9749892,135.7709633,6,9,0,70,9,35,0
id_978,婆娑羅　西陣,京都市上京区元誓願寺通千本西入松屋町３９１番地１（北棟）,上京区,簡易宿所,R7.12.17,35.0287535,135.7417922,0,8,1,26,1,19,0
id_979,とみ家,京都市下京区木屋町通高辻上る和泉屋町171-3,下京区,簡易宿所,H1.4.28,35.0000046,135.7692135,2,16,0,70,0,27,5
id_980,Ｃｏｚｙ　ｅｎｊｏｙｍｅｎｔ　ｈｏｔｅｌ　ｎｏ２９,京都市右京区梅津堤下町７６番地２,右京区,簡易宿所,H30.6.28,34.9998315,135.7113481,4,18,6,62,2,54,0
id_981,Ｒｉｎｎ　Ｓｈｉｊｏ　Ｎｉｓｈｉｎｏｔｏｉｎ,京都市中京区西洞院通六角下る池須町４２３番地６,中京区,簡易宿所,R1.9.27,35.0062135,135.7550746,2,23,2,40,1,31,0
id_982,柏・四条大宮１,京都市中京区壬生松原町５４番地９,中京区,簡易宿所,H29.5.11,35.0009088,135.740705,45,9,8,83,3,72,7
id_983,ホテル　マルモル,京都市中京区御幸町通六角下ル伊勢屋町 346,中京区,旅館・ホテル,H7.4.27,35.0068195,135.7661955,21,0,2,30,0,27,1
id_984,柏・四条大宮４,京都市下京区大宮通高辻下る高辻大宮町１２２番地,下京区,簡易宿所,H30.5.15,34.9994671,135.7493314,9,3,0,23,1,17,1
id_985,京の宿　菫,京都市南区八条源町８７番地２,南区,簡易宿所,R1.8.30,34.9829328,135.7437423,18,11,14,89,6,59,2
id_986,東雲　夏,京都市南区西九条川原城町７６番地,南区,簡易宿所,R2.4.30,34.9802095,135.751944,3,0,7,65,4,17,1
id_987,鼓,京都市下京区若宮通六条下る若宮町５５４番地,下京区,簡易宿所,R5.9.11,34.9933948,135.7560273,22,21,32,68,0,95,7
id_988,わびさび,京都市下京区西七条南東野町１８０番地,下京区,簡易宿所,H29.2.27,34.9884334,135.7386533,10,47,20,61,0,78,0
id_989,京都駅　じゅらく庵,京都市南区東九条中殿田町１番地１５,南区,簡易宿所,H30.1.25,34.9810402,135.7564567,6,5,4,42,0,18,0
id_990,萃点七条鴨川,京都市東山区一橋宮ノ内町１５番地２３,東山区,簡易宿所,R6.3.27,34.9879158,135.7690298,48,2,27,83,12,107,5
id_991,ＴＡＫＥＹＡ　ＢＥＫＫＡＮ,京都市上京区今出川通七本松西入真盛町７２９番地１,上京区,簡易宿所,H28.5.20,35.0298197,135.7380157,2,66,37,78,6,130,18
id_992,やまがた京町旅籠　京都駅前,京都市南区東九条上殿田町１８番地,南区,簡易宿所,R2.3.30,34.9824086,135.7586438,18,14,3,88,6,84,4
id_993,貝田,京都市東山区馬町通大和大路東三丁目妙法院前側町426,東山区,旅館・ホテル,S47.6.3,34.9916403,135.7743335,14,1,8,43,0,32,0
id_994,惠庵　二条別邸,京都市左京区岡崎徳成町７番地７,左京区,簡易宿所,H29.12.11,35.0138738,135.7773632,37,7,24,70,6,132,13
id_995,Ｇｕｅｓｔ　Ｈｏｕｓｅ　Ｏｕｍｉ　近江,京都市中京区西ノ京永本町１９番地１１,中京区,簡易宿所,H28.6.7,35.011917,135.7388754,3,0,3,49,1,20,0
id_996,,京都市南区西九条森本町６番地,南区,施設外玄関帳場,,34.9720097,135.7487878,0,0,3,27,0,10,0
id_997,"The Chapter Kyoto,  a Tribute Portfolio Hotel",京都市中京区河原町通二条上る清水町３４１番地,中京区,旅館・ホテル,R4.9.8,35.0142996,135.7694474,64,70,2,100,7,154,10
id_998,ゲストハウス　月沈原,京都市上京区下立売通堀川西入西橋詰町２７７番地,上京区,簡易宿所,H30.1.10,35.0200989,135.7507215,2,8,7,32,0,25,0
id_999,京明舎,京都市南区東九条東御霊町１７番地３,南区,簡易宿所,H31.2.20,34.9782839,135.7631312,5,19,24,91,1,200,2
id_1000,ＲＡＫＵＴＯＫＯ　ＵＭＥ,京都市中京区西ノ京船塚町１２番地２６,中京区,簡易宿所,H28.3.14,35.0118058,135.7371545,0,31,0,48,0,34,0
id_1001,ＧＵＥＳＴＨＯＵＳＥ　ＣＨＡＹＡＭＡ,京都市左京区田中西高原町１４番地６,左京区,簡易宿所,H29.4.7,35.0373705,135.7853364,1,4,4,32,0,13,1
id_1002,花,京都市下京区土手町通七条上る納屋町407番地3,下京区,簡易宿所,H28.7.6,34.9902514,135.7646558,0,3,25,60,0,29,0
id_1003,鴨川レジデンス,京都市下京区西石垣通四条下る斎藤町１３８番地、１４０番地２４、１３８番地８,下京区,簡易宿所,R5.3.13,35.0019876,135.7701849,70,39,43,103,0,172,18
id_1004,漫屋,京都市中京区壬生下溝町４３番地１１,中京区,簡易宿所,H29.9.11,34.9998247,135.7369834,40,7,1,88,3,114,18
id_1005,京一軒町家　染　ＳＥＮ　五条上長　ドッグフレンドリー,京都市下京区下松屋町通松原下る上長福寺町２４２番地，２４３番地,下京区,簡易宿所,R3.5.28,34.9978967,135.7484513,22,23,83,83,0,141,7
id_1006,ラオンイン園縄手,京都市東山区大和大路四条下る大和町１６番地１,東山区,簡易宿所,H29.11.2,35.003027,135.773044,32,2,27,74,1,67,3
id_1007,Kyoto Guesthouse HIVE,京都市中京区新烏丸通竹屋町上る梅之木町１３３番地１,中京区,簡易宿所,R5.10.31,35.0156871,135.7678444,37,37,15,82,3,110,5
id_1008,遥月,京都市下京区不明門通五条下る上平野町４６０番地２,下京区,簡易宿所,R6.10.2,34.9954331,135.7605488,21,25,37,102,3,115,7
id_1009,京町家　北山大宮,京都市北区紫竹下緑町６２番地,北区,簡易宿所,R1.10.11,35.0502705,135.7483173,16,3,2,43,4,29,0
id_1010,在川,京都市下京区堺町通五条上る俵屋町２２９番地,下京区,簡易宿所,H30.2.23,34.9973444,135.7634739,14,3,2,70,2,29,3
id_1011,東横イン京都四条烏丸,京都市下京区四条通烏丸東入ル長刀鉾町２８番地,下京区,旅館・ホテル,H14.5.10,35.0039726,135.7607304,0,1,1,38,0,2,0
id_1012,京都ゲストハウス　ＲＩＲＡＳＯ,京都市南区唐橋門脇町４番地１,南区,簡易宿所,H29.3.17,34.9819338,135.7366091,4,43,21,92,8,177,2
id_1013,ＫＯＴＯＲＩ　ＨＯＵＳＥ,京都市南区西九条戒光寺町６番地１８,南区,簡易宿所,H29.6.23,34.9847952,135.751491,29,16,47,96,1,172,2
id_1014,京みやび,京都市上京区御前通仁和寺街道上る下竪町１７９番地７,上京区,簡易宿所,H29.12.26,35.0241181,135.7358859,1,7,0,21,1,10,0
id_1015,京都時光ゲストハウス三条館,京都市左京区新間之町通二条下る頭町３６４番地３,左京区,簡易宿所,R2.7.21,35.0121649,135.7756884,3,10,18,90,6,87,5
id_1016,東福寺　咲く宿,京都市東山区福稲柿本町１７番地１０,東山区,簡易宿所,H30.10.25,34.9799762,135.7688861,9,16,43,100,2,86,5
id_1017,京椿（Ｋｙｏ－Ｔｓｕｂａｋｉ）,京都市中京区壬生天池町２８番地２７,中京区,簡易宿所,H30.12.10,35.0071422,135.7398633,0,0,0,34,1,6,0
id_1018,ＶＩＳＩＴ　ＫＹＯＴＯ,京都市下京区三ノ宮町通上ノ口下る高宮町２３２番地３,下京区,簡易宿所,R5.10.6,34.992684,135.7659456,40,20,64,60,0,130,5
id_1019,京都　竹庵,京都市伏見区深草馬谷町１０番地８１,伏見区,簡易宿所,H29.2.7,34.9560693,135.7864196,2,9,40,92,15,78,2
id_1020,ホテルヴィスキオ京都　ｂｙ　ＧＲＡＮＶＩＡ,京都市南区東九条上殿田町４４番地１（東敷地）,南区,旅館・ホテル,R1.5.17,34.9834542,135.7593185,3,0,0,18,0,10,0
id_1021,Ｖｉｌｌａ　Ｋｙｏｔｏ　Ｓａｉｉｎ,京都市右京区西院北井御料町９番地２,右京区,簡易宿所,H29.2.1,35.0012882,135.7272839,7,3,8,82,3,28,2
id_1022,雅舎　Ｃｅｃｉｌｉａ,京都市南区東九条東御霊町１番地２５,南区,簡易宿所,R3.5.17,34.9772962,135.7632063,9,1,0,46,2,45,0
id_1023,東風苑,京都市上京区新町通今出川一丁上る東入中御霊図子町１３６番地,上京区,簡易宿所,H30.7.31,35.0307839,135.7570407,14,62,6,108,8,113,18
id_1024,雲井　聚楽廻,京都市中京区聚楽廻松下町１２番地３１,中京区,簡易宿所,H30.6.12,35.019683,135.7377879,8,191,11,106,3,220,1
id_1025,蛮子民宿　梅,京都市中京区西ノ京南両町８１番地,中京区,簡易宿所,H30.8.28,35.0163747,135.735067,174,161,1,94,0,355,10
id_1026,三賀,京都市中京区富小路通三条下る朝倉町526,中京区,旅館・ホテル,S50.4.3,35.0083115,135.7651494,22,0,0,56,1,37,5
id_1027,Ｓｈｉｊｏ　Ｇｕｅｓｔｈｏｕｓｅ　ＨＩＶＥ,京都市下京区仏光寺通烏丸東入上柳町３３１番地 タカノハスクエア３F,下京区,簡易宿所,R7.12.4,35.0015577,135.7604969,27,35,112,87,3,184,7
id_1028,Ｔｈｅ　Ｒｅｓｉｄｅｎｃｅ　Ｋｙｏｔｏ　錦　ＳＰＲＩＮＧ　ＭＯＯＮ,京都市中京区柳馬場通錦小路下る瀬戸屋町４６３番地２スプリングムーンビル４・５階,中京区,簡易宿所,H31.4.22,35.0047129,135.7641192,8,74,1,90,1,104,7
id_1029,ＨＯＴＥＬ　ＥＳＰＡＳＩＯＮ　ＰＯＮＴＯＣＨＯ,京都市中京区東木屋町通四条上る二丁目下樵木町１９６番地,中京区,旅館・ホテル,H27.1.26,35.0061831,135.7709911,0,3,3,48,1,13,1
id_1030,京蘭　月虹邸,京都市東山区三条通北裏白川筋東入堀池町３７３番地２１,東山区,簡易宿所,R6.6.4,35.0103905,135.7818617,45,43,4,93,15,115,4
id_1031,一条　かりん,京都市上京区浄福寺通一条下る東西俵屋町１４７番地１１,上京区,簡易宿所,H28.12.19,35.0259014,135.7450658,0,13,0,22,1,22,0
id_1032,鴨川せせらぎ庵　梅,京都市下京区屋形町２０番地１（南から１軒目）,下京区,簡易宿所,R3.4.26,34.9827727,135.7674879,51,0,0,71,0,58,5
id_1033,寿栄屋,京都市東山区下河原八坂鳥居前下る下河原町463,東山区,旅館・ホテル,S51.6.16,35.0000233,135.7795767,0,0,1,43,0,10,1
id_1034,霞（Ｋａｓｕｍｉ）,京都市下京区三ノ宮町通七条上る下三之宮町２９７番地，２９７番地２,下京区,簡易宿所,R2.3.9,34.9898344,135.7660937,4,5,5,25,0,21,1
id_1035,ＮＡＺＵＮＡ　京都　椿通　ＨＡＮＡ－１０,京都市下京区高辻通大宮西入坊門町８３６番地１０,下京区,簡易宿所,R2.3.31,34.9994568,135.748681,3,0,0,23,0,7,1
id_1036,静鉄ホテルプレジオ京都四条,京都市中京区西洞院通錦小路上る古西町４５２番地,中京区,旅館・ホテル,R1.7.25,35.0054847,135.754912,6,44,8,78,0,69,7
id_1037,飛鳥　ＡＳＵＫＡ,京都市東山区大和大路通五条下る二丁目東入下梅屋町１４５番地２,東山区,簡易宿所,R2.10.5,34.9933352,135.7723243,2,0,14,43,4,21,0
id_1038,奏　東山三条,京都市左京区新間之町通二条下る頭町３６４番地４,左京区,簡易宿所,R5.7.19,35.0121551,135.7755643,21,2,2,74,16,54,1
id_1039,ゲストハウス　青雲庵,京都市東山区智恩院古門前通大和大路東入三丁目古西町３２３番地８,東山区,簡易宿所,H28.3.1,35.0070859,135.7762639,13,0,0,24,4,20,0
id_1040,夏至　京都駅,京都市南区東九条中殿田町１８番地１９,南区,簡易宿所,R5.6.7,34.9809437,135.7573883,0,5,5,47,0,31,0
id_1041,ＮＡＺＵＮＡ　京都　椿通　ＨＡＮＡ－８,京都市下京区高辻通大宮西入坊門町８３６番地８,下京区,簡易宿所,R2.3.31,34.9997009,135.7485461,18,3,4,56,2,41,5
id_1042,富山県詰所,京都市下京区上珠数屋町通烏丸東入高槻町337,下京区,簡易宿所,S33.6.21,34.9924698,135.7606778,19,27,32,91,7,89,1
id_1043,京宿家　城巽　あかね庵,京都市中京区姉小路通堀川東入鍛冶町１７２－１４,中京区,簡易宿所,H22.5.20,35.0093885,135.7530394,18,39,6,42,0,73,3
id_1044,ホテルグランバッハ京都セレクト,京都市下京区四条通寺町西入奈良物町363番地,下京区,旅館・ホテル,H26.4.11,35.0034247,135.765853,2,27,4,69,3,56,7
id_1045,民宿　野菊,京都市右京区嵯峨大覚寺門前登リ町18,右京区,簡易宿所,H3.11.13,35.0239707,135.6798528,6,41,1,94,3,118,2
id_1046,雲・小坂,京都市東山区松原通広道東入北入月輪町９６番地１０,東山区,簡易宿所,H29.4.11,34.9979068,135.7775558,40,27,58,73,12,144,3
id_1047,慶有魚　西棟,京都市東山区馬町通本町東入四丁目鐘鋳町３９０番地,東山区,簡易宿所,R3.6.1,34.9936347,135.7741946,0,0,1,37,0,3,0
id_1048,Ｋｙｏｔｏ　Ｍａｃｈｉｙａ　福音　「琴筝」,京都市中京区六角通新町西入西六角町１０５番地３（西から２軒目）,中京区,簡易宿所,H29.7.24,35.0076296,135.7559855,4,5,1,23,0,12,0
id_1049,よしのや,京都市中京区高瀬川筋四条上る紙屋町３５７番地,中京区,簡易宿所,H27.7.17,35.005082,135.7701023,51,171,8,96,0,240,7
id_1050,藏や　上五条町,京都市下京区大宮通松原下る西側上五条町４０１番地３,下京区,簡易宿所,H28.12.13,34.9974219,135.7490353,0,0,0,18,0,4,0
id_1051,,京都市伏見区深草西浦町六丁目３９番地 １０３号室,伏見区,施設外玄関帳場,,34.9586477,135.7657157,2,10,35,83,15,119,0
id_1052,ゲストハウスサイン　四条河原町店,京都市下京区寺町通綾小路下る中之町５６８番地,下京区,簡易宿所,R7.4.17,35.0022024,135.7666565,3,0,25,62,0,48,0
id_1053,京まる,京都市東山区新宮川町通松原下る西御門町４５８番地５,東山区,簡易宿所,H28.12.27,34.9979643,135.7707134,64,17,40,107,2,159,1
id_1054,京ノや　大将軍,京都市北区大将軍東鷹司町１１８番地１　１階，２階，３階,北区,簡易宿所,H30.2.23,35.0235695,135.7314473,6,40,8,81,12,133,2
id_1055,松山閣,京都市右京区鳴滝宇多野谷20,右京区,旅館・ホテル,S42.12.4,35.0450438,135.7116165,174,35,9,118,4,242,2
id_1056,Ｓｔａｙ　ＳＡＫＵＲＡ　Ｋｙｏｔｏ　朱雀大路,京都市中京区壬生朱雀町２５番地１３,中京区,簡易宿所,R1.7.10,35.007665,135.7428964,0,23,2,43,1,30,0
id_1057,御屋・榕,京都市南区東九条南松ノ木町３３番地１,南区,簡易宿所,R7.3.31,34.9770813,135.7646414,24,2,16,76,1,50,0
id_1058,洛,京都市中京区間之町通夷川上る楠町５８８番地２,中京区,簡易宿所,H29.8.29,35.0149853,135.7614467,0,66,10,49,0,82,0
id_1059,スイートステイ京都,京都市東山区三条通白川橋東入五丁目東町２３３番地２、２３５番地１,東山区,簡易宿所,R5.3.31,35.0093243,135.7807889,3,0,3,51,0,15,0
id_1060,長江家住宅（京都市指定有形文化財）,京都市下京区新町通綾小路下る船鉾町３９４番地１,下京区,簡易宿所,R2.4.24,35.0017689,135.7563288,18,25,20,78,3,68,1
id_1061,平安荘,京都市下京区木屋町通仏光寺上る天王町156,下京区,旅館・ホテル,S63.12.12,35.0009545,135.7696556,4,39,29,108,9,88,7
id_1062,ＧＵＥＳＴ　ＨＯＵＳＥ　ＳＨＩＪＯ,京都市下京区醒ヶ井通仏光寺下る荒神町４６５番地,下京区,簡易宿所,H29.2.27,35.0009242,135.752515,4,37,37,118,1,103,7
id_1063,812,京都市右京区西院西三蔵町１０番地３,右京区,簡易宿所,H31.2.6,35.0023833,135.7306787,40,33,1,81,3,85,2
id_1064,ＺＥＮⅡ,京都市南区東九条柳下町６５番地２９,南区,簡易宿所,H30.10.2,34.9743015,135.7646602,0,5,0,60,0,55,0
id_1065,博厚書院・上宮,京都市中京区壬生下溝町１７番地８,中京区,簡易宿所,R6.8.26,35.0001626,135.7380149,4,0,3,57,1,11,3
id_1066,Ｍｉｎｎ祇園,京都市東山区古門前通大和大路東入二丁目三吉町３４２番地３,東山区,簡易宿所,R5.8.1,35.0070646,135.775256,7,2,29,92,12,70,4
id_1067,洛殊苑,京都市中京区小川通夷川下る槌屋町６０７番地３２,中京区,簡易宿所,R7.8.5,35.0141893,135.7546436,14,0,5,44,1,27,1
id_1068,ＩＭＵ ＨＯＴＥＬ ＫＹＯＴＯ,京都市下京区新町通仏光寺下る岩戸山町４１１番地，４１３番地,下京区,簡易宿所,H30.7.3,35.0012279,135.7568279,0,0,0,27,0,3,0
id_1069,京旅小築,京都市南区梅小路通大宮東入古御旅町２１８番地１,南区,簡易宿所,R6.1.4,34.9850855,135.7500919,1,5,1,48,2,19,2
id_1070,富久家,京都市東山区下河原通八坂鳥居前下る西入上弁天町４４３番地３,東山区,簡易宿所,R5.3.23,35.0013696,135.7780836,3,14,0,41,4,22,0
id_1071,ホテルタビノス京都,京都市下京区河原町通五条上る安土町６１２番地,下京区,簡易宿所,R3.7.13,34.9965169,135.7663529,1,0,2,43,1,11,1
id_1072,鈴　東福寺鴨川,京都市東山区福稲柿本町１６番地２２,東山区,簡易宿所,H29.12.11,34.9796427,135.7685513,14,0,8,36,4,32,1
id_1073,Ａｎｏｔｈｅｒ　Ｓｋｙ　京都,京都市中京区西ノ京中保町９７番地４,中京区,簡易宿所,R5.10.25,35.0203582,135.7327618,4,1,2,24,0,7,0
id_1074,グローバルケア蚕ノ社,京都市右京区太秦森ケ東町８番地,右京区,簡易宿所,H28.2.9,35.0157665,135.7127236,0,0,1,18,0,10,0
id_1075,泉　五葉,京都市東山区泉涌寺五葉ノ辻町１３番地１２,東山区,簡易宿所,R5.8.28,34.9821954,135.7725928,54,3,7,114,18,109,1
id_1076,ホテルリソル京都　四条室町,京都市下京区室町通高上る山王町５５４番地，５５８番地,下京区,旅館・ホテル,H30.7.10,35.0006269,135.7579025,0,0,14,61,1,40,3
id_1077,,京都市南区西九条寺ノ前町３番地（家屋番号４５番の７）,南区,施設外玄関帳場,,34.9848467,135.7527162,0,6,16,47,2,71,1
id_1078,八極,京都市南区東九条松田町１３７番地１４，１３７番地１５,南区,簡易宿所,H29.1.24,34.9754169,135.7543896,2,2,2,89,16,60,2
id_1079,京都　清　清水門前邸,京都市東山区清水門前松原産寧坂西入清水四丁目１７０番地２７,東山区,簡易宿所,R3.3.3,34.9971679,135.7777267,0,4,10,31,0,15,0
id_1080,ＭＡＭＡ,京都市西京区嵐山西一川町１番地５,西京区,旅館・ホテル,R2.12.17,35.0111634,135.6795451,11,74,8,87,15,154,1
id_1081,宿　あじろ,京都市南区東九条西岩本町３５番地２９,南区,簡易宿所,H28.7.13,34.982661,135.7635771,27,2,3,86,8,53,4
id_1082,鈴　花屋町　朝霧７,京都市下京区二人司町６番地１５,下京区,簡易宿所,R5.12.1,34.9918932,135.746494,4,1,14,25,0,23,0
id_1083,ＫＹＯＴＯ　ＩＴＯＹＡＨＯＴＥＬ　ＭＯＮ,京都市下京区松原通新町東入中野之町１７９番地,下京区,簡易宿所,R1.11.20,34.9989473,135.7575553,2,12,0,56,4,25,3
id_1084,ＫＹＯＢＵ　茶わん坂,京都市東山区五条橋東六丁目５８３番地１２２,東山区,簡易宿所,H29.9.20,34.9952788,135.7784785,61,38,46,103,15,163,1
id_1085,Ｍａａｎａ　Ｋｙｏｔｏ,京都市下京区中堂寺北町３３番地６,下京区,簡易宿所,H30.3.23,34.9973443,135.7400218,3,43,40,112,0,110,7
id_1086,悲田院,京都市東山区泉涌寺山内町35,東山区,簡易宿所,S53.8.7,34.9798795,135.7764059,3,0,41,66,4,88,0
id_1087,山崎屋　別邸,京都市南区西九条寺ノ前町３番地（家屋番号４５番の９）,南区,簡易宿所,R4.10.28,34.9848467,135.7527162,21,1,14,66,4,49,0
id_1088,出版健康保険組合　京都保養所「すみのくら」,京都市右京区嵯峨天龍寺造路町30-11,右京区,旅館・ホテル,S53.10.31,35.0154755,135.6798556,0,0,4,30,0,31,0
id_1089,Ｈｏｔｅｌ　ＪＩＤＡＩ,京都市下京区油小路通下魚ノ棚下る油小路町２９５番地,下京区,簡易宿所,H30.1.11,34.9886463,135.7536937,35,41,37,96,4,140,10
id_1090,東急ステイ京都阪井座（四条河原町）,京都市中京区新京極通四条上る中之町５５７番地,中京区,旅館・ホテル,H30.11.26,35.0042317,135.7674714,14,15,2,41,1,36,4
id_1091,ファーストキャビン京都二条城,京都市中京区東堀川通丸太町下る七町目４番地,中京区,簡易宿所,R1.8.6,35.0167634,135.7522466,64,82,2,85,0,155,7
id_1092,福家・朱雀西館,京都市中京区西ノ京船塚町９番地２　西側,中京区,簡易宿所,R2.12.1,35.0121106,135.73637,5,6,6,74,0,36,5
id_1093,,京都市下京区五条通大宮西入下長福寺町２７９番地,下京区,施設外玄関帳場,,34.9965928,135.7484457,18,3,70,68,3,108,7
id_1094,京都　東山三条　白川庵,京都市東山区白川筋三条下る梅宮町４７８,東山区,簡易宿所,H21.11.6,35.0082371,135.7801809,5,7,3,55,1,18,0
id_1095,Ｈｏｔｅｌ　Ｌｉｂｅｒｔｅ　京都五条,京都市下京区堺町通五条上る俵屋町２２４番地１，２２４番地２,下京区,簡易宿所,R2.9.25,34.9971301,135.7632332,5,0,0,36,1,26,0
id_1096,京町屋　二条城,京都市上京区黒門通丸太町上る小伝馬町５５０番地３,上京区,簡易宿所,H30.4.27,35.0179596,135.7499185,2,27,8,29,0,50,0
id_1097,ホスタ東寺　燦,京都市南区東九条西山町３０番地３３,南区,簡易宿所,H29.1.30,34.9784937,135.7546688,0,4,4,42,1,36,0
id_1098,北野灯の館（Ｃａｓａ　Ｌｕｚ）,京都市北区紫野下柏野町２２番地１７,北区,簡易宿所,H30.9.10,35.0332705,135.7373766,10,4,2,37,0,23,0
id_1099,ＣＯＣＯＲＯ　ＨＯＴＥＬ　ＫＹＯＴＯ,京都市山科区御陵鴨戸町５５番地１,山科区,簡易宿所,H30.9.3,34.9959498,135.8016914,2,4,20,79,0,33,4
id_1100,京一軒町家　染　ＳＥＮ　大宮五条　い,京都市下京区下松屋町通松原下る上長福寺町２４３番地３,下京区,簡易宿所,H31.4.23,34.9978702,135.7485356,0,10,16,50,1,29,1
id_1101,伏見稲荷別邸,京都市伏見区深草上横縄町１７番地７,伏見区,簡易宿所,H30.6.19,34.9707648,135.768334,0,7,0,23,2,20,0
id_1102,二条もみじ庵,京都市中京区壬生天池町３０番地１７,中京区,簡易宿所,R7.3.25,35.0069567,135.7404945,7,78,1,110,7,128,18
id_1103,ゲストハウス道,京都市中京区衣棚通姉小路下る突抜町１４０番地２,中京区,簡易宿所,H29.10.12,35.009775,135.7571514,8,142,21,92,3,205,7
id_1104,旅館　ホテル佐野家,京都市下京区東洞院通七条下る二丁目東塩小路町539,下京区,旅館・ホテル,S42.6.3,34.9876396,135.7608625,66,35,40,96,4,179,7
id_1105,音色 京都八坂,京都市東山区新門前通大和大路東入四丁目松原町２７２番地（家屋番号２９番 西から２軒目）,東山区,簡易宿所,R4.2.2,35.0056969,135.7780509,158,19,35,106,2,294,4
id_1106,葵結,京都市中京区姉小路通神泉苑東入姉西町４６番地１６,中京区,簡易宿所,R6.1.9,35.0090464,135.7481413,0,33,2,35,1,36,0
id_1107,十宜屋,京都市東山区新門前通大和大路東入二丁目中之町２４６番地,東山区,簡易宿所,H26.1.7,35.0064117,135.7757906,16,5,14,56,0,37,0
id_1108,Ｓｕｎａｏ　清水寺　梅ノ戸庵,京都市東山区六波羅裏門通東入二丁目竹村町１５１番地２,東山区,簡易宿所,R1.7.26,34.9956023,135.7759291,6,2,35,86,22,91,4
id_1109,ホテルフルバⅡ,京都市南区東九条中御霊町４３番地５　２Ｆ,南区,簡易宿所,R1.6.20,34.9787496,135.7614976,3,36,17,75,6,91,2
id_1110,,京都市東山区小島町１４４番地９,東山区,施設外玄関帳場,,34.9959757,135.7758892,1,0,17,32,0,31,0
id_1111,金波樓,京都市中京区柳馬場通錦小路下る瀬戸屋町467,中京区,旅館・ホテル,S51.9.16,35.0044983,135.7642634,45,70,8,79,3,128,1
id_1112,Ｈｏｔｅｌ　Ｅｌｉｔｅ　Ｋｙｏｔｏ　Ｓｔａｔｉｏｎ,京都市南区東九条河西町４番地,南区,旅館・ホテル,R3.2.16,34.9802792,135.7645477,6,0,4,42,0,12,0
id_1113,ホスタ梅小路　朱,京都市下京区朱雀裏畑町５３番地,下京区,簡易宿所,R5.11.9,34.9881775,135.739977,1,9,8,37,1,25,0
id_1114,京　吉乃家　聚楽廻,京都市中京区聚楽廻西町６１番地２,中京区,簡易宿所,R1.11.20,35.0192473,135.7402651,24,44,4,68,2,82,0
id_1115,京恋　錦,京都市中京区錦小路通堀川東入三文字町５６７番地,中京区,簡易宿所,R6.2.1,35.0048301,135.752154,32,0,5,67,3,47,7
id_1116,ALOHADAYS,京都市上京区千本通一条上る泰童片原町６６４番地６,上京区,簡易宿所,H29.8.29,35.0272203,135.7426088,7,41,18,66,0,91,3
id_1117,胡乱座ゲストハウス,京都市下京区醒ヶ井通綾小路下る要法寺町427番地,下京区,簡易宿所,H17.6.30,35.001972,135.7528876,0,0,14,24,0,18,0
id_1118,,京都市右京区京北芹生町芹生９番地,右京区,施設外玄関帳場,,35.1581734,135.7507659,48,33,7,83,0,192,0
id_1119,ＮＡＺＵＮＡ　京都　椿通　ＨＡ－２０,京都市下京区高辻通大宮西入坊門町８３６番地２０,下京区,簡易宿所,R2.4.24,34.9994568,135.748681,6,0,12,40,1,26,3
id_1120,紡　島原大門別邸,京都市下京区西新屋敷中堂寺町５８番地８,下京区,簡易宿所,R5.7.13,34.9932476,135.7439551,0,12,1,29,0,20,1
id_1121,ホテル仮面舞踏会,京都市伏見区竹田東小屋ノ内町１,伏見区,旅館・ホテル,S60.2.8,34.9530274,135.7486305,10,51,6,106,15,183,2
id_1122,ＲＡＫ　ＫＩＹＯＭＩＺＵ,京都市東山区轆轤町１１０番地１５４番,東山区,簡易宿所,H29.2.13,34.9972868,135.7748705,48,2,83,113,12,160,1
id_1123,大泉寺・路地ｉｎｇ　紅,京都市上京区室町通鞍馬口下る森之木町４７４番地２，４７５番地２（家屋番号　２３西側）,上京区,簡易宿所,H30.7.5,35.0368909,135.7579881,11,181,5,94,20,221,1
id_1124,京蘭　凛花邸,京都市伏見区深草平田町２３番地２３,伏見区,簡易宿所,R6.10.28,34.9672182,135.7653505,2,47,37,94,2,119,2
id_1125,香柏　無舎,京都市左京区吉田下大路町４５番地３３,左京区,簡易宿所,R2.11.26,35.0214831,135.7835773,2,12,2,71,1,52,7
id_1126,ＮＡＰＰＳＯＰＰ　ｓｔａｙ,京都市中京区姉小路通堀川西入樽屋町４５３番地,中京区,簡易宿所,R7.5.21,35.0098226,135.7509471,32,81,1,61,0,124,5
id_1127,善導寺町ゲストハウス,京都市伏見区深草善導寺町１２番地２５,伏見区,簡易宿所,H29.4.24,34.9468174,135.75895,1,8,5,23,0,16,0
id_1128,Ｂｉｒｄ　Ｈｏｓｔｅｌ,京都市中京区丸太町通室町東入常真横町１９０番地１,中京区,簡易宿所,H28.12.6,35.0175385,135.7587283,3,3,1,48,1,17,0
id_1129,ＥＮ　ＨＯＴＥＬ　Ｋｙｏｔｏ,京都市下京区西洞院通四条下る妙伝寺町698,下京区,旅館・ホテル,S63.3.31,35.0031649,135.7556246,12,13,2,50,1,32,1
id_1130,白露　京都駅,京都市南区西九条横町６０番地,南区,簡易宿所,R5.11.21,34.9834224,135.7502754,1,5,4,44,0,19,0
id_1131,京乃宿　清水五条　呉竹荘,京都市東山区建仁寺町五条下る一丁目東入芳野町７９番地２,東山区,簡易宿所,R5.10.11,34.9946433,135.7725868,40,2,27,76,1,86,4
id_1132,,京都市南区東九条宇賀辺町１０番地５,南区,施設外玄関帳場,,34.978931,135.7648899,14,1,13,68,0,34,1
id_1133,Ｈａｃｈｉ,京都市下京区西新屋敷揚屋町４６番地３,下京区,簡易宿所,R5.9.28,34.9915299,135.743578,3,0,14,24,0,20,3
id_1134,ＲＥＳＩＳＴＡＹ　京　Ｒｙｕｖｉｌｕｘ　二条,京都市中京区二条通柳馬場東入晴明町６６４番地,中京区,簡易宿所,R4.1.7,35.0135767,135.7647421,35,0,2,32,0,43,1
id_1135,京町屋の宿　悠路里,京都市上京区小川通元誓願寺下る靱屋町５０２番地１,上京区,簡易宿所,H30.4.12,35.4308877,136.7670455,20,51,25,76,4,110,7
id_1136,お宿　三条町家,京都市東山区三条通大橋東二町目４８番地７,東山区,簡易宿所,H28.11.14,35.0097775,135.7752289,0,2,4,22,2,8,0
id_1137,三福,京都市中京区先斗町通三条下ル若松町140,中京区,旅館・ホテル,S25.5.24,35.007115,135.7711115,51,58,25,88,3,145,7
id_1138,二条城北別邸,京都市上京区猪熊通丸太町上る木屋之町４８５番地５,上京区,簡易宿所,R3.11.5,35.0180801,135.7502335,7,34,64,65,0,123,3
id_1139,池坊花心苑,京都市中京区六角通東洞院西入堂之前町２４８番地,中京区,簡易宿所,H10.9.17,35.0080133,135.7600582,0,0,1,51,1,3,1
id_1140,ＩＮＡ　ＨＯＵＳＥ　ＫＹＯＴＯ　二条城,京都市上京区下立売通千本西入稲葉町４５６番地,上京区,簡易宿所,H30.10.24,35.0199835,135.7420033,1,47,0,65,1,52,1
id_1141,ＲＥＳＩＳＴＡＹ祇園きよみず八坂庵,京都市東山区八坂塔之下星野町９３番地５,東山区,簡易宿所,H30.4.18,34.9985747,135.7780523,43,15,4,87,15,140,10
id_1142,御宿　新町五条,京都市下京区的場通新町東入銭屋町２４７番地,下京区,簡易宿所,R1.7.18,34.9943723,135.75717,8,0,2,42,0,19,3
id_1143,山崎屋,京都市南区西九条寺ノ前町１０番地１（家屋番号１０番１の７）,南区,簡易宿所,R4.10.28,34.9848491,135.752494,43,34,3,68,4,102,0
id_1144,えん,京都市下京区木屋町通七条下る東入若宮町４７７番地２,下京区,簡易宿所,H29.9.28,35.0012678,135.7692946,15,0,27,64,0,44,0
id_1145,西　倶,京都市上京区浄福寺通上立売西入上ル真倉町７６４,上京区,簡易宿所,H23.4.21,35.0329442,135.7448022,1,2,1,39,5,30,0
id_1146,幸・ＫＯＨ,京都市下京区仏光寺通麩屋町西入仏光寺東町１２７番地１１,下京区,簡易宿所,H29.8.23,35.0011092,135.7652513,24,27,83,100,3,139,1
id_1147,ゲストハウス空雪,京都市中京区聚楽廻東町１４番地１４,中京区,簡易宿所,R6.4.3,35.0168745,135.7418176,6,123,10,84,3,150,1
id_1148,旅館蓮Ｂ,京都市下京区三ノ宮町通上ノ口上る岩滝町２２７番地,下京区,簡易宿所,R3.1.5,34.9933074,135.7660937,3,3,25,73,5,47,5
id_1149,ｎｉｎｉ ｈｏｓｔｅｌ 伏見稲荷,京都市伏見区深草一ノ坪町３８番地１５,伏見区,簡易宿所,R2.9.23,34.9685904,135.7686238,35,54,83,94,2,249,2
id_1150,すみ蛍おぼろ,京都市下京区櫛笥通丹波口下る裏片町１７６番地１,下京区,簡易宿所,R4.4.11,34.9939096,135.7473197,3,39,104,106,0,147,1
id_1151,京都高瀬川別邸,京都市下京区木屋町通正面下る十禅師町１９６番地３,下京区,旅館・ホテル,H29.1.31,34.9907325,135.7657215,3,5,5,89,7,23,1
id_1152,出町１,京都市左京区田中下柳町１０番地３０，４３番地,左京区,簡易宿所,H29.4.13,35.0280278,135.7733336,22,14,16,80,8,173,1
id_1153,安本旅館,京都市下京区油小路通北小路上る玉本町189,下京区,旅館・ホテル,S27.11.12,34.9906012,135.7539248,17,27,27,73,7,136,5
id_1154,ホステル　祇園ＳＯＲＡ,京都市東山区新橋通大和大路東入林下町４２７番地東新橋ビル３階,東山区,簡易宿所,R2.12.9,35.0057413,135.7768848,43,12,83,71,30,171,0
id_1155,若柳ＩＮＮ,京都市伏見区深草相深町７番地２０,伏見区,簡易宿所,R2.7.2,34.9723207,135.7690451,1,6,25,83,12,78,1
id_1156,京恋　清水五条,京都市東山区大仏馬町伏見街道東入五丁目常盤町４７０番地５,東山区,簡易宿所,R1.10.21,34.9923344,135.775709,48,13,37,94,12,121,10
id_1157,Ｃａｅｓａｒ　Ｇｉｏｎ　Ｋｙｏｔｏ,京都市東山区大和大路通四条下る四丁目小松町１１番地１１、１１番地３８,東山区,簡易宿所,R2.7.9,34.9986575,135.7753737,0,2,1,29,0,10,1
id_1158,白虎邸,京都市上京区笹屋町通千本西入笹屋四丁目２８４番地,上京区,簡易宿所,R7.4.30,35.0281957,135.7207937,12,66,40,96,16,197,18
id_1159,民宿　翠川,京都市上京区小川通今出川上る中小川町２３２番地１,上京区,簡易宿所,H27.7.16,35.0300912,135.7543517,10,58,37,96,20,138,7
id_1160,FUWARI kyoto stay,京都市中京区両替町通押小路下る金吹町４７９番地　南側,中京区,簡易宿所,R7.5.22,35.0133233,135.7589384,1,0,0,19,0,2,0
id_1161,宿屋 ciruela 姉小路,京都市中京区油小路通御池下る式阿弥町１１７番地の一部,中京区,簡易宿所,R7.12.1,35.0098805,135.753422,118,58,1,90,0,184,1
id_1162,もんてこい,京都市下京区西七条南東野町１８０番地,下京区,簡易宿所,H30.9.12,34.9884334,135.7386533,3,12,1,29,0,18,1
id_1163,Homm Stay Nagi Sanjo Kyoto,京都市中京区西洞院通姉小路下る姉西洞院町５２４番地,中京区,旅館・ホテル,R4.11.14,35.0091728,135.7553578,18,0,0,41,0,27,8
id_1164,萱の小築,京都市南区東九条柳下町６５番地２４,南区,簡易宿所,R1.10.18,34.9741339,135.7645798,24,14,47,79,6,106,2
id_1165,五月庵,京都市北区紫野上御所田町１６番地,北区,簡易宿所,H28.6.22,35.0419372,135.7513638,12,0,2,36,0,30,0
id_1166,京蘭－蓮花邸,京都市下京区河原町通正面下る万屋町３３９番地５,下京区,簡易宿所,R5.9.14,34.9908658,135.7644004,4,33,37,97,3,85,7
id_1167,慶有魚　高瀬川,京都市下京区東高瀬川筋上ノ口上る聖真子町１６７番地１,下京区,簡易宿所,R1.9.9,34.9937642,135.7660104,4,31,40,95,9,100,7
id_1168,一耕の宿　上馬町５４０－９,京都市東山区馬町通本町東入八丁目上馬町５４０番地（家屋番号４５番２）,東山区,簡易宿所,R1.9.27,34.9917056,135.7787873,89,6,25,57,9,132,3
id_1169,円町家,京都市中京区西ノ京中保町９２番地,中京区,簡易宿所,H28.11.11,35.0204917,135.7321859,0,0,0,17,0,1,0
id_1170,菊水,京都市左京区南禅寺福地町31,左京区,旅館・ホテル,H5.11.4,35.0104481,135.7892335,8,5,1,46,2,24,1
id_1171,一玖庵,京都市下京区室町通五条下る二丁目堺町240番地1,下京区,簡易宿所,H28.4.6,34.9943804,135.7584754,19,4,4,81,0,29,1
id_1172,京町家宿　杉谷,京都市左京区二条通川端東入二丁目杉本町２６６番地５,左京区,簡易宿所,H28.10.11,35.0139245,135.7746234,32,3,4,97,1,57,10
id_1173,ｉｎｓｏｍｎｉａ　ＫＹＯＴＯ　ＯＩＫＥ,京都市中京区室町通押小路下る御池之町３１４番地,中京区,旅館・ホテル,R5.9.14,35.0113889,135.7582285,0,47,18,83,0,71,5
id_1174,ろさんじ,京都市北区紫野上柏野町２５番地６,北区,簡易宿所,R7.7.16,35.0357525,135.738221,12,9,2,37,0,39,0
id_1175,おおきに迎賓館　黒門中立賣邸,京都市上京区中立売通堀川西入役人町２３５番地２，２３５番地４黒門通上長者町上る榎町３７２番地２，３７２番地３,上京区,簡易宿所,R2.2.25,35.0248093,135.7499309,8,132,77,81,6,229,5
id_1176,ホワイトハウス,京都市下京区東洞院通七条下る東塩小路町５６４番地１,下京区,簡易宿所,R3.4.30,34.9869134,135.7617866,18,21,22,71,0,71,0
id_1177,THE BLOSSOM KYOTO,京都市下京区五条通東洞院東入万寿寺町１４０番地２,下京区,旅館・ホテル,R4.7.28,34.9966357,135.7620576,3,33,83,94,3,132,7
id_1178,ＣＯＺＹ　ＨＯＭＥ　東山　別館,京都市山科区北花山山田町７９番地４,山科区,簡易宿所,R2.3.27,34.9986887,135.7942437,2,5,3,30,0,14,0
id_1179,ＹＡＤＯ　Ａｒａｓｈｉｙａｍａ,京都市西京区嵐山中尾下町４５番地，４５番地２，４７番地，４８番地１，４９番地２,西京区,旅館・ホテル,H30.9.10,35.0106834,135.6779497,1,132,23,79,12,217,4
id_1180,純和風料理旅館　きのゑ,京都市東山区東大路通松原上ル４丁目毘沙門町44番地の8,東山区,旅館・ホテル,H5.10.1,35.0006986,135.7771669,0,1,0,75,0,2,0
id_1181,飛鳥魚の家,京都市中京区西ノ京冷泉町４１番地１２,中京区,簡易宿所,H30.11.8,35.0145774,135.7349668,10,62,10,90,0,101,10
id_1182,京恋　平安坤,京都市左京区岡崎円勝寺町９１番地７９,左京区,簡易宿所,R2.8.14,35.0112614,135.7836152,0,6,22,46,5,40,0
id_1183,蛮子民宿　東寺,京都市南区八条源町５番地１２,南区,簡易宿所,H30.11.20,34.9836029,135.7432148,2,0,2,81,4,94,0
id_1184,蛮子民宿　司,京都市下京区二人司町９番地２,下京区,簡易宿所,H30.6.22,34.9919019,135.7469087,5,29,6,93,0,74,10
id_1185,ゲストハウス　青竹庵,京都市東山区六波羅裏門通三盛町１７０番地９,東山区,簡易宿所,H28.3.10,34.9964083,135.7730959,7,0,0,24,0,12,1
id_1186,Ｋａｍｏｎ　Ｆａｍｉｌｙ　ｅＴｅｍｐｌｅ,京都市南区八条内田町６５番地５,南区,簡易宿所,H29.1.24,34.9814247,135.7445095,4,13,26,109,1,78,4
id_1187,奏　京都駅八条室町庵,京都市南区東九条室町８番地１１,南区,簡易宿所,H29.12.28,34.982443,135.7571518,24,14,2,68,1,62,0
id_1188,らく家　烏丸五条,京都市下京区東洞院通五条下る三丁目和泉町５２２番地３,下京区,簡易宿所,R4.1.13,34.9951621,135.7614745,0,3,5,26,1,10,0
id_1189,Ｒ．ＳＴＡＲ　ＨＯＳＴＥＬ　ＫＹＯＴＯ　ＪＡＰＡＮ,京都市下京区室町通松原下る元両替町２５６番地２,下京区,簡易宿所,H29.11.24,34.9979887,135.7583736,9,1,0,50,0,11,1
id_1190,アルフレッサ京都研修所,京都市伏見区下鳥羽西芹川町４６番地,伏見区,旅館・ホテル,R2.3.23,34.9422555,135.7486292,11,47,5,73,12,81,0
id_1191,東山　龍,京都市東山区一橋野本町２１番地,東山区,簡易宿所,H29.2.13,34.9830054,135.7709994,7,2,4,25,2,19,0
id_1192,プライベートレジデンス園,京都市東山区松原通大和大路東入二丁目轆轤町１０８番地,東山区,簡易宿所,R7.5.2,34.9979348,135.7746753,0,0,22,75,12,57,3
id_1193,継＜ＴＳＵＮＡＧＵ＞空蝉＜Ｕｔｓｕｓｅｍｉ＞,京都市東山区松原通大和大路西入弓矢町３０番地１F,東山区,簡易宿所,R5.4.14,34.99846,135.7717781,14,1,14,51,1,40,1
id_1194,Ｈｏｌｙ’ｓ　Ｈｏｕｓｅ,京都市伏見区深草上横縄町１０番地１７,伏見区,簡易宿所,H30.11.19,34.9707851,135.7690331,7,7,4,70,2,31,0
id_1195,京町家　楽遊,京都市下京区猪熊通五条上る柿本町５９０番地１６，５９２番地３,下京区,旅館・ホテル,H28.6.6,34.9968245,135.7496646,0,0,0,19,0,5,0
id_1196,ベルフレール京都三条（３階）,京都市中京区新町通三条下る三条町３２４番地２（３階）,中京区,簡易宿所,R1.12.2,35.0084804,135.7567284,54,54,7,107,3,127,7
id_1197,ホテル　ロータスモダン,京都市伏見区竹田西小屋ノ内町１８番,伏見区,旅館・ホテル,H26.12.25,34.9524049,135.748178,12,70,49,114,18,176,0
id_1198,京一軒町家　さと居　香雪　雪月,京都市下京区西酢屋町２番地（家屋番号２８東から３軒目）,下京区,簡易宿所,R3.8.23,34.9894626,135.7462684,27,39,6,112,4,100,10
id_1199,嵐,京都市南区東九条中札辻町２６番地２,南区,簡易宿所,H29.3.13,34.9766598,135.762178,62,11,17,82,6,125,2
id_1200,ｓｔｅｌｌａ京都,京都市山科区竹鼻堂ノ前町２１番地１３,山科区,簡易宿所,R1.12.26,34.9869941,135.8168381,0,5,3,30,0,10,1
id_1201,京宿　Ｕ－ｈｏｕｓｅ,京都市中京区西ノ京式部町１６番地２,中京区,簡易宿所,H31.1.30,35.014661,135.7437618,8,44,8,93,3,72,7
id_1202,西陣屋,京都市下京区麩屋町通松原下る上鱗形町５０２番地４,下京区,簡易宿所,R4.12.19,34.9986593,135.7653994,0,7,1,17,0,10,1
id_1203,二条城黒門別邸,京都市中京区新シ町通御池下る大文字町２３４番地１，２３８番地１,中京区,簡易宿所,H28.9.20,35.0162067,135.7687627,1,5,1,23,0,10,0
id_1204,京都御宿　禅　桜庵,京都市下京区新町通鍵屋町下る蛭子町１４３番地５,下京区,簡易宿所,H30.8.6,34.9944178,135.7567916,9,9,0,48,0,27,3
id_1205,料理旅館　奏,京都市左京区岡崎法勝寺町１番地２,左京区,旅館・ホテル,H1.9.5,35.0149805,135.7876956,0,9,7,55,0,49,1
id_1206,京の宿　牡丹,京都市中京区壬生梛ノ宮町１０番地１１,中京区,簡易宿所,H30.3.7,35.002706,135.7431134,48,123,8,94,3,185,1
id_1207,ｎａｏ炬乃座　別邸梅小路,京都市下京区朱雀内畑町８－３３,下京区,簡易宿所,H25.11.11,34.9884743,135.7423266,19,4,32,71,2,76,18
id_1208,Ｒｉｎｎ　Ｋｉｙｏｍｉｚｕ　Ｇｉｏｎ,京都市東山区松原通大和大路東入弓矢町４７番地,東山区,旅館・ホテル,R3.3.3,34.9982929,135.7723531,22,1,14,64,1,52,0
id_1209,Ｍｕｓａｓｈｉ　Ｍａｃｈｉｙａ　１,京都市東山区大仏南門通大和大路東入上池田町５４１番地７，５４１番地８　１階,東山区,簡易宿所,R2.11.12,34.9862456,135.7711763,14,5,0,41,4,32,0
id_1210,御旅庵,京都市南区西九条横町27番地,南区,簡易宿所,H28.1.13,34.9837284,135.7504697,30,19,27,112,8,125,2
id_1211,和空間冨月,京都市東山区園町南側５７０番地８,東山区,簡易宿所,H27.5.26,34.9926102,135.7748632,4,1,20,51,4,32,0
id_1212,奏　稲荷参道前,京都市伏見区深草平田町１１番地６,伏見区,簡易宿所,R2.3.23,34.9685346,135.7647364,1,5,18,60,4,33,1
id_1213,香柏　上七軒,京都市上京区御前通今出川上る二丁目北町６４２番地９,上京区,簡易宿所,R1.12.12,35.0323733,135.7360998,0,10,7,27,2,21,1
id_1214,ＨＯＴＥＬ　ＲＯＫＵ‐轆轤町,京都市東山区松原通大和大路東入二丁目轆轤町１０１番地６１,東山区,簡易宿所,R2.9.18,34.9971009,135.7742271,34,16,29,76,12,103,4
id_1215,雲・小徳,京都市左京区岡崎徳成町２７番地１１,左京区,簡易宿所,R1.6.11,35.0162778,135.7787503,47,10,14,82,6,166,0
id_1216,明和荘,京都市左京区岡崎徳成町１５番地１５,左京区,簡易宿所,R1.6.27,35.0140808,135.7785092,5,4,5,36,2,34,1
id_1217,庵,京都市右京区西院東淳和院町１９番地,右京区,簡易宿所,H28.8.23,35.0057006,135.7326556,7,0,0,24,0,18,0
id_1218,西陣いさ,京都市上京区大宮通上立売上る西入伊佐町２３８番地,上京区,簡易宿所,R6.6.21,35.0327244,135.7480727,1,7,4,81,6,26,7
id_1219,Ｎｅｓｔａｙ　Ｖｉｌｌａ　Ｋｙｏｔｏ　Ｋｕｊｏ,京都市南区東九条柳下町５１番地２１,南区,簡易宿所,R6.2.15,34.9746656,135.7633886,3,2,2,83,0,19,1
id_1220,樂安居　院町　桔梗,京都市南区西九条院町２２番地２３,南区,簡易宿所,R2.7.28,34.9825182,135.7564207,7,0,0,47,1,51,0
id_1221,ＮＯＤＡＴＥ　ＨＯＵＳＥ,京都市南区東九条西山町２９番地４,南区,簡易宿所,H28.11.8,34.9782583,135.754444,4,13,21,100,10,152,2
id_1222,京都　清水の家　小松町１１－４１,京都市東山区大和大路通四条下る四丁目小松町１１番地４１,東山区,簡易宿所,H29.9.4,34.99821,135.7766198,8,2,1,27,2,15,0
id_1223,二条　椿や,京都市中京区西ノ京池ノ内町１６番地２０,中京区,簡易宿所,H28.2.22,35.0105324,135.7464816,0,0,1,55,1,15,3
id_1224,清水五条　墨継ぐ,京都市東山区五条橋東二丁目３２番地１４,東山区,簡易宿所,R4.7.1,34.9955717,135.7715529,8,15,40,97,12,83,4
id_1225,エムズホテル　京都駅ＫＡＳＵＧＡ,京都市南区西九条春日町４８番地２，５１番地,南区,簡易宿所,R3.9.3,34.9817812,135.7544493,2,7,8,63,3,43,0
id_1226,酉,京都市右京区西院乾町４６番地２,右京区,簡易宿所,H29.6.1,35.0042922,135.7273544,29,0,6,75,2,273,1
id_1227,園南　万化,京都市東山区大和大路通四条下る四丁目小松町５６３番地７,東山区,簡易宿所,H28.7.12,35.0003047,135.7755877,0,7,0,54,6,25,0
id_1228,枕流居,京都市東山区建仁寺町四条下る四丁目小松町５６４番地３０、５６４番地３１,東山区,簡易宿所,R5.8.29,34.9995538,135.7762965,0,1,10,42,1,14,0
id_1229,エポックイン東福寺,京都市東山区福稲柿本町１７番地１８,東山区,簡易宿所,R1.5.9,34.9797369,135.7691239,61,2,37,96,18,145,10
id_1230,継＜ＴＳＵＮＡＧＵ＞帚木＜Ｈａｈａｋｉｇｉ＞,京都市東山区松原通大和大路西入弓矢町３０番地２F,東山区,簡易宿所,R5.4.14,34.99846,135.7717781,3,5,3,47,4,27,2
id_1231,京都やどまち　上七軒Ⅱ,京都市上京区五辻通七本松西入二丁目西柳町５７９番地,上京区,簡易宿所,H29.1.19,35.030794,135.7377281,11,9,6,100,8,48,7
id_1232,民宿　嵯峨菊,京都市右京区嵯峨釈迦堂門前南中院町１９番地，２１番地２,右京区,簡易宿所,H29.11.7,35.0226341,135.6724232,12,1,2,36,1,18,0
id_1233,ｈｏｔｅｌ　ＭＯＮｄａｙ　京都烏丸二条,京都市中京区烏丸通二条上る蒔絵屋町２６１番地１,中京区,簡易宿所,R2.4.10,35.0140764,135.7592156,0,13,0,37,0,31,0
id_1234,京都　佑都,京都市中京区壬生下溝町３番地５９,中京区,簡易宿所,R1.12.24,35.0013503,135.7377466,10,0,1,22,0,11,0
id_1235,福家・鴨川西館,京都市左京区新麩屋町通仁王門下る大菊町９８番地１６,左京区,簡易宿所,H28.11.17,35.0132228,135.7741456,3,10,14,78,4,37,0
id_1236,,京都市南区東九条宇賀辺町７９番地３,南区,施設外玄関帳場,,34.9773634,135.7650883,9,5,5,45,5,30,0
id_1237,Ｒｉｎｎ　四季十楽　三楽,京都市上京区油小路通下立売上る近衛町１６５番地（家屋番号１６５番０の２　東から２軒目）,上京区,簡易宿所,R4.12.5,35.0204175,135.7530926,13,51,32,94,8,146,10
id_1238,ＳＯＷＡＫＡ　町家,京都市東山区八坂鳥居前清井町４８０番地（家屋番号８番）,東山区,簡易宿所,H30.10.23,35.0016794,135.7783306,20,8,14,54,4,66,3
id_1239,ダイワロイネットホテル京都駅前ＰＲＥＭＩＥＲ,京都市下京区烏丸通七条下る東塩小路町７０７番地２,下京区,旅館・ホテル,H28.8.9,34.9887322,135.7592645,27,6,43,96,3,89,7
id_1240,婆娑羅　金木犀,京都市上京区寺之内通千本西入下る柏清盛町９９４番地１,上京区,簡易宿所,R7.9.12,35.0332819,135.7403747,2,0,0,37,0,11,1
id_1241,御屋・檀,京都市南区西九条開ケ町９１番地,南区,簡易宿所,R4.2.2,34.9787891,135.751194,30,15,3,83,8,76,4
id_1242,,京都市下京区上枳穀馬場河原町東入大工町４８２番地１　メゾンキンキ１Ｆ,下京区,施設外玄関帳場,,34.9923974,135.7644931,62,4,37,88,3,141,18
id_1243,お宿はち,京都市下京区下珠数屋町通間之町西入西玉水町２８１番地,下京区,簡易宿所,H30.11.29,34.9904615,135.7617751,27,27,5,79,9,76,7
id_1244,ぎおん美先,京都市東山区新門前通大和大路東入西之町２１９番地２,東山区,旅館・ホテル,R3.2.18,35.0064189,135.7731391,118,14,29,78,12,197,4
id_1245,ｈａｎａ－Ｒｅ－ｓｏｒｔ　中京別邸,京都市中京区壬生馬場町１５番地１２　１階，２階,中京区,簡易宿所,H29.11.29,35.0080268,135.7445565,51,8,1,94,3,84,7
id_1246,御宿　京都新町,京都市下京区新町通高辻下る御影町４６２番地３,下京区,簡易宿所,H31.4.15,34.9993053,135.756814,15,18,4,80,3,55,13
id_1247,京と家　縁,京都市南区東九条明田町４５番地７,南区,簡易宿所,R7.8.28,34.9755108,135.760074,4,3,9,28,1,35,0
id_1248,京と家　月の湯空海,京都市南区東寺東門前町７９番地,南区,簡易宿所,H29.5.16,34.9829324,135.7490908,3,1,5,23,1,12,0
id_1249,ＹＡ▲ＤＯ！ＫＹＯＴＯ　ＯＫＡＺＡＫＩ,京都市左京区二条通新東洞院東入新東洞院町２４９番地１,左京区,簡易宿所,H30.3.27,35.0135282,135.7754644,4,2,3,103,8,72,7
id_1250,あずきや,京都市東山区三条通白川橋東七丁目東分木町２７２,東山区,簡易宿所,H15.7.10,35.0095203,135.787911,6,2,25,81,2,41,4
id_1251,Ｏｎｅ　Ｍｏｒｅ　Ｈｅａｒｔ　京都駅南Ⅲ,京都市南区東九条中殿田町１６番地１３,南区,簡易宿所,H28.8.22,34.9812573,135.7577093,4,10,17,95,6,104,6
id_1252,株式会社貴船きらく,京都市左京区鞍馬貴船町４７番地,左京区,旅館・ホテル,H21.5.14,35.1214291,135.763439,12,8,0,64,0,26,3
id_1253,ホテル長楽館,京都市東山区八坂鳥居前東入円山町６０４番地,東山区,簡易宿所,H20.1.11,35.0031425,135.7798152,7,0,5,25,2,16,0
id_1254,二条白銀邸,京都市上京区浄福寺通出水上る白銀町２６１番地１９,上京区,簡易宿所,R7.8.14,35.0217493,135.7451875,2,8,5,28,0,24,1
id_1255,ｒａｉｃｈａ,京都市下京区油小路通松原上る麓町６４９番地２,下京区,簡易宿所,R2.2.5,34.9992513,135.7538292,15,4,32,89,3,69,7
id_1256,ＴＲＡＤ　ＧＵＥＳＴ　ＨＯＵＳＥ　ＫＹＯＴＯ,京都市上京区土屋町通下長者町下る弁天町３０５番地２５,上京区,簡易宿所,R2.1.29,35.0219228,135.7435865,5,0,3,48,3,20,3
id_1257,,京都市南区東九条北松ノ木町２１番地１（南側）,南区,施設外玄関帳場,,34.977853,135.7658062,0,9,4,40,1,18,0
id_1258,京都ホステル　ＲＹＯ－ＫＡＮ,京都市南区東九条河辺町23-10,南区,簡易宿所,H27.3.27,34.9745217,135.7593723,10,0,0,63,3,47,1
id_1259,愛の家,京都市東山区大仏南門通大和大路東入二丁目南瓦町７１５番地６,東山区,簡易宿所,H31.2.18,34.9859994,135.7725558,0,0,5,23,0,7,0
id_1260,ホテル　ジャルダン　フルール,京都市左京区岡崎法勝寺町1-11,左京区,旅館・ホテル,S60.1.31,35.0146654,135.788363,17,1,14,79,4,46,5
id_1261,Ｎｉｃｈｉｎｉｃｈｉ　六条西洞院,京都市下京区西洞院通六条下る西側町４９９番地,下京区,簡易宿所,R2.2.5,34.9940697,135.7547822,0,1,10,45,1,16,0
id_1262,ＬＵＣＥ京都,京都市山科区竹鼻外田町１９番地２,山科区,簡易宿所,R1.12.26,34.9908689,135.8198077,11,5,3,79,0,25,4
id_1263,Ｚｅｎ　Ｆｕｙａｃｈｏ　　善　麩屋町,京都市下京区麩屋町通松原下る上鱗形町５１６番地３,下京区,簡易宿所,R5.3.6,34.9981019,135.7656299,0,12,8,44,1,27,1
id_1264,クロスホテル京都,京都市中京区河原町通三条下る大黒町７１番地１,中京区,旅館・ホテル,H30.9.4,35.0082277,135.7697253,0,3,4,66,1,21,8
id_1265,ＭＩＭＡＲＵ京都　河原町五条,京都市下京区西高瀬川筋五条下る平居町１７番地１,下京区,簡易宿所,R2.1.20,34.9951953,135.7665069,0,0,4,21,0,9,1
id_1266,ホテル　ラ・シエスタ,"京都市西京区大枝沓掛町26-29,26-819",西京区,旅館・ホテル,H5.5.19,34.9758963,135.6468078,0,0,1,21,2,8,1
id_1267,Ｃｏｚｙ　ｈｏｍｅ　京都東,京都市山科区御陵大津畑町３８番地１,山科区,簡易宿所,R7.6.6,34.9908781,135.8135782,5,13,0,47,0,29,0
id_1268,遊屋,京都市南区東九条西岩本町３４－６,南区,簡易宿所,H28.10.20,34.983129,135.7636442,10,1,0,67,4,24,0
id_1269,鴨川鐘楼庵,京都市東山区鞘町通五条下る二丁目大阪町３６６番地２、３６８番地１,東山区,簡易宿所,R7.4.7,34.9940938,135.7689913,6,0,3,69,22,40,3
id_1270,睡蓮,京都市東山区馬町通本町東入北棟梁町３１７番地５,東山区,簡易宿所,H31.1.9,34.99428,135.771004,0,5,31,47,4,63,1
id_1271,白檮,京都市東山区本町十一丁目２１３番地２,東山区,簡易宿所,H28.10.18,34.982201,135.77063,37,13,25,71,30,108,0
id_1272,蘇影・風花雪,京都市下京区御幸町通高辻下る桝屋町４７１番地２,下京区,簡易宿所,H31.2.21,34.9995447,135.7665053,79,25,6,101,3,146,7
id_1273,サムライホーム三条,京都市中京区神泉苑通三条上る瓦師町５７番地,中京区,簡易宿所,H30.10.23,35.0092925,135.7473841,48,9,9,77,3,77,7
id_1274,ＢｎＡ　Ａｌｔｅｒ　Ｍｕｓｅｕｍ,京都市下京区西木屋町通松原上る二丁目天満町２６７番地１,下京区,旅館・ホテル,R1.5.9,35.0006941,135.7688088,0,3,4,19,0,7,0
id_1275,香柏　金閣　福,京都市北区紫野郷ノ上町２２番地,北区,簡易宿所,R3.6.8,35.0372861,135.7379039,57,0,1,54,1,103,1
id_1276,雲・小楽,京都市中京区聚楽廻南町３０番地５,中京区,簡易宿所,R1.12.16,35.0145181,135.7434133,1,0,1,28,0,3,1
id_1277,望宮舎,京都市上京区中立売通油小路西入上る松之下町５７番地１２,上京区,簡易宿所,H30.1.30,35.0261216,135.7527834,0,2,8,43,0,17,1
id_1278,リッチモンドホテルプレミア京都四条,京都市下京区四条通油小路東入傘鉾町５０番地,下京区,旅館・ホテル,R4.1.28,35.0041542,135.7543567,25,5,7,96,3,88,10
id_1279,蓮華庵,京都市東山区大仏南門通大和大路東入新瓦町西組６２４番地４、６２４番地６,東山区,簡易宿所,R4.4.5,34.9866134,135.7715907,8,0,5,30,2,21,0
id_1280,ＧＵＥＳＴ　ＨＯＵＳＥ　ＭＩ・ＹＡ・ＢＩ（２階）,京都市中京区三条通烏丸東入梅忠町２０番地１東洞院通三条下る三文字町２０５番地１　烏丸アネックス２階,中京区,簡易宿所,H30.4.16,35.0078968,135.7607593,24,0,3,54,0,28,0
id_1281,京楽,京都市下京区木屋町通松原下る材木町４２７番地，４４６番地２７,下京区,簡易宿所,H30.3.28,34.9984963,135.7683817,54,16,22,82,7,117,1
id_1282,Ｔｈｅ　Ｈｏｔｅｌ　Ｓｅｉｒｙｕ　Ｋｙｏｔｏ　Ｋｉｙｏｍｉｚｕ,京都市東山区松原通大橋東四丁目清水二丁目２０４番地２,東山区,旅館・ホテル,R1.12.20,34.997335,135.7796855,32,13,35,76,30,121,4
id_1283,ＳＥＶＥＮ　ＳＴＡＹ　ＴＳＵＢＯＮＩＷＡ,京都市東山区下鞘町通七条上る堀詰町２５７番地２の４（１階）,東山区,簡易宿所,R1.12.11,34.9901088,135.768176,5,1,22,71,12,46,0
id_1284,鈴　プレミアム　二条城北,京都市上京区日暮通丸太町下る南伊勢屋町７６０番地４２戸１棟長屋の南側,上京区,簡易宿所,H30.10.16,35.0174951,135.747505,1,1,4,18,0,9,0
id_1285,レフ京都八条口 by ベッセルホテルズ,京都市南区東九条室町５７番地,南区,旅館・ホテル,R2.12.17,34.9832219,135.7577566,1,4,7,44,0,36,0
id_1286,ＷＧＪ　ＨＯＳＴＥＬ　ＫＹＯＴＯ,京都市東山区本町八丁目８６番地,東山区,簡易宿所,R6.7.10,34.9864351,135.7697511,32,10,25,72,0,69,0
id_1287,さびの家,京都市下京区花屋町通櫛笥西入薬園町１５０番地３,下京区,簡易宿所,R2.12.16,34.9926463,135.7453153,3,1,5,28,0,24,4
id_1288,Ｏｎｅ　Ｍｏｒｅ　Ｈｅａｒｔ　京都駅南Ⅰ,京都市南区東九条中殿田町１６番地８,南区,簡易宿所,H28.8.22,34.981265,135.7576011,8,4,1,42,0,18,0
id_1289,ホテル　ロータス,京都市伏見区竹田東小屋ノ内町61番地,伏見区,旅館・ホテル,H22.12.10,34.9519656,135.7486189,0,5,1,22,0,13,0
id_1290,よろず葉,京都市東山区六波羅裏門通西入池殿町２１１番地７,東山区,簡易宿所,R4.4.14,34.996334,135.7726067,1,2,0,28,2,8,0
id_1291,Ｔｈｅ　ＲＡＭＥＮ　ＨＯＴＥＬ,京都市右京区嵯峨天龍寺車道町４番地１６　３階,右京区,簡易宿所,H28.12.12,35.0171638,135.6809051,40,13,3,51,0,62,0
id_1292,伏見庵　ｆｕｓｈｉｍｉ－ａｎ,京都市伏見区深草西浦町四丁目２５番地，２６番地,伏見区,簡易宿所,R2.4.30,34.9622724,135.7671028,2,2,1,29,0,26,0
id_1293,旅館　ホテルシャルマン,"京都市伏見区下鳥羽広長町144,145,133の一部",伏見区,旅館・ホテル,S59.8.15,34.9319041,135.7443992,8,37,3,68,2,153,1
id_1294,ＭＡＪＡ　ＨＯＴＥＬ　ＫＹＯＴＯ,京都市中京区柳馬場通六角上る槌屋町９２番地,中京区,簡易宿所,R7.9.30,35.0077948,135.7642245,6,8,8,87,2,31,7
id_1295,京蘭　無幻邸　風,京都市南区八条通大宮西入八条町４２７番地３,南区,簡易宿所,R7.3.25,34.9846352,135.7476898,19,2,14,101,1,128,2
id_1296,恵凛敦寿ハウス,京都市上京区中町通丸太町下る駒之町５３７番地エリントンズハウス２階西側,上京区,簡易宿所,H29.11.7,35.0172944,135.7697764,0,2,1,36,0,40,1
id_1297,呑刀軒,京都市上京区新町通今出川下る徳大寺殿町３４０番地１,上京区,簡易宿所,H17.11.10,35.0289471,135.7561489,0,13,5,37,1,20,0
id_1298,もみぢ家本館　高雄山荘,京都市右京区梅ケ畑西ノ畑町2,右京区,旅館・ホテル,S45.4.10,35.0556362,135.6738496,5,0,0,25,0,46,0
id_1299,ＰＬＡＴＩＮＵＭ　ＹＡＳＡＫＡ,京都市東山区下河原通八坂鳥居前下る上弁天町４２９番地２,東山区,簡易宿所,R2.11.24,35.0004549,135.7779632,34,2,4,67,9,65,1
id_1300,京町屋　別邸はな亭,京都市下京区高辻通西洞院東入下る菊屋町７４９番地１,下京区,簡易宿所,H31.4.19,34.999406,135.756295,22,27,3,76,0,73,1
id_1301,ゲストハウス雅,京都市下京区松原通麩屋町東入石不動之町６９２番地７,下京区,簡易宿所,R5.3.9,34.9990305,135.766293,0,0,3,19,0,14,0
id_1302,初心之屋Ｆｉｒｓｔ　ｃｈｏｉｃｅＮＯ．７,京都市南区西九条菅田町２８番地１２,南区,簡易宿所,H30.8.9,34.9735391,135.7483708,27,15,47,93,20,289,0
id_1303,八重家　だいく町,京都市下京区土手町通上ノ口下る大工町４８３番地２,下京区,簡易宿所,H27.12.4,34.9924618,135.764445,3,12,4,19,0,24,0
id_1304,蜩,京都市伏見区肥後町３５７番地,伏見区,簡易宿所,H28.8.15,34.9362583,135.7590308,7,0,16,65,2,33,0
id_1305,ＫＹＯＢＵ東山,京都市東山区三条通白川橋東入五丁目東町２２７番地９,東山区,簡易宿所,H29.6.7,35.0092118,135.7808906,32,10,32,90,12,90,4
id_1306,京都プラザホテル　新館,京都市南区西九条蔵王町５１番地,南区,旅館・ホテル,H25.3.15,34.9814327,135.7533291,29,14,20,104,1,109,2
id_1307,ＲＯＯＴＳ-ｒｏｋｕ-,京都市右京区京北大野町長池２８番地,右京区,簡易宿所,R2.2.14,35.1886667,135.6810754,40,4,15,78,0,200,2
id_1308,宿ルＫＹＯＴＯ　ＨＡＮＡＲＥ　花月ノ宿,京都市下京区室町新町の間五条上る小田原町２２７番地（北側）,下京区,簡易宿所,R6.7.2,34.9974457,135.7573343,3,29,6,79,0,48,7
id_1309,ゲストハウス宮之軒伏見稲荷～初～,京都市東山区本町通五条下る本町十九丁目４２７番地２,東山区,簡易宿所,R2.5.7,34.9738567,135.7708985,14,1,2,49,1,27,0
id_1310,ホテルイルヴェルデ京都,"京都市下京区土手町通正面下る紺屋町378番地,377番地,379番地,406番地18,406番19,406番地20河原町通正面下る万屋町332番地,333番地,333番地3,346番地16,346番地17,346番地18",下京区,旅館・ホテル,H30.5.8,34.9914396,135.764483,3,80,37,83,0,141,7
id_1311,京都・志庵,京都市東山区大仏南門通大和大路東入二丁目新瓦町東組６３１番地４,東山区,簡易宿所,R7.8.29,34.9864624,135.7723683,1,2,0,27,2,9,0
id_1312,奏　伏見稲荷,京都市伏見区深草稲荷榎木橋町１５番地３,伏見区,簡易宿所,H30.8.6,34.9690951,135.7710837,14,58,46,88,15,136,0
id_1313,ＪＰ　ＩＮＮ　京都駅前　文覚町,京都市下京区東中筋通七条上る文覚町３８３番地２,下京区,簡易宿所,R2.9.16,34.9900042,135.7543307,13,3,4,66,1,30,5
id_1314,ザ・レジデンス馨,京都市下京区間之町通六条下る夷之町９２番地・９７番地合併７,下京区,簡易宿所,H29.8.8,34.9940028,135.761678,4,25,32,80,0,65,1
id_1315,ゲストハウス　ＯＮＥＷＯＲＬＤ　東寺,京都市南区四ツ塚町１９番地２,南区,簡易宿所,R2.3.31,34.9792819,135.7446393,40,7,8,49,0,91,1
id_1316,ＨＩＺ　ＨＯＴＥＬ　京都二条城,京都市中京区二条通室町西入大恩寺町２４４番地,中京区,簡易宿所,R2.11.30,35.0136164,135.7573555,37,114,6,66,7,171,1
id_1317,いにしえの京宿　風韻庵,京都市左京区二条通川端東入大菊町９８番地１２,左京区,簡易宿所,H29.3.15,35.013307,135.7743428,12,0,1,67,0,68,5
id_1318,Ｒｉｎｎ　Ｇｉｏｎ　Ｈａｎａｔｏｕｒｏ,京都市東山区四条花見小路下る小松町５５５番地１,東山区,旅館・ホテル,H29.3.3,35.0023261,135.7737264,6,34,32,74,2,97,3
id_1319,京の宿　鴨川庵　月輪,京都市下京区加茂川端上ノ口下る菊屋町３７３番地,下京区,簡易宿所,H29.9.21,34.992606,135.7666862,3,4,5,23,0,12,0
id_1320,東林院,京都市右京区花園妙心寺町59,右京区,簡易宿所,S52.6.3,35.0228996,135.7223449,0,9,1,23,0,28,0
id_1321,ＡＹＡ　ＧＵＥＳＴ　ＨＯＵＳＥ,京都市伏見区深草飯食町８２８番地３,伏見区,簡易宿所,H28.6.14,34.955036,135.7694544,3,2,10,42,0,28,0
id_1322,ホテル　と、いうわけで。,京都市東山区宮川筋二丁目259,東山区,旅館・ホテル,H16.1.19,35.0015488,135.7712041,8,2,1,28,0,15,1
id_1323,スマートプレイスイン京都四条堀川,京都市下京区岩上通綾小路下る雁金町４０９番地１,下京区,簡易宿所,R2.12.7,35.0019033,135.7516124,58,33,37,86,3,158,25
id_1324,ホテル　祇園一琳,京都市東山区四条通大和大路東入園町南側５７０番地８９，５７０番地１１７,東山区,旅館・ホテル,H31.1.10,36.4117747,136.4577849,0,3,8,34,4,18,0
id_1325,近衛ハウス,京都市上京区室町通出水上る近衛町３７番地２　２階,上京区,簡易宿所,H30.4.27,35.0219619,135.7582074,16,86,6,90,8,129,7
id_1326,谷町君　星屋　離宮の宿　香雲亭,京都市中京区新シ町通御池下る大文字町２５４番地,中京区,簡易宿所,R3.12.22,35.0101017,135.7495628,0,0,3,51,2,9,1
id_1327,朝　伏見稲荷,京都市伏見区深草一ノ坪町３７番地７・３７番地９・３７番地１６,伏見区,簡易宿所,H29.5.18,34.9688927,135.7689476,3,0,0,36,2,10,0
id_1328,Ｈｏｔｅｌ　ＰＡＮＧＥＡ　Ｎｉｊｏ,京都市中京区西ノ京永本町２番地１６,中京区,簡易宿所,H31.3.28,35.0134137,135.7389031,111,8,1,80,3,143,18
id_1329,Ｓｐａｒｋｌｉｎｇ　Ｄｏｌｐｈｉｎｓ　Ｉｎｎ　Ｋｙｏｔｏ,京都市南区東九条上御霊町５６番地,南区,旅館・ホテル,R2.9.28,34.9801793,135.7630574,51,12,16,68,1,95,2
id_1330,京唐庵,京都市南区唐橋門脇町１１番地１,南区,簡易宿所,R2.5.7,34.982613,135.7365716,0,0,11,65,0,17,1
id_1331,Ｋｙｏｔｏ　Ｍａｃｈｉｙａ　福音　「三弦」,京都市中京区六角通新町西入西六角町１０５番地３（西から１軒目）,中京区,簡易宿所,H29.7.24,35.0076296,135.7559855,34,0,6,62,0,48,3
id_1332,ダブルツリーｂｙヒルトン京都駅,京都市南区東九条西岩本町１５番地,南区,旅館・ホテル,R6.3.19,34.9839725,135.762945,21,2,18,80,16,62,0
id_1333,Ｌａｖｉｔａ　Ｋｙｏｔｏ,京都市南区西九条池ノ内町３３番地,南区,簡易宿所,H31.1.28,34.9839314,135.7528296,5,9,0,34,0,19,0
id_1334,Ｃａｓａ　Ａｕｇ　Ｋｙｏｔｏ,京都市下京区小坂町１６番地２５,下京区,簡易宿所,R2.4.15,34.9935573,135.7468884,32,39,5,104,4,83,1
id_1335,加茂川苑,京都市東山区宮川筋四丁目314,東山区,旅館・ホテル,S52.9.26,34.9995662,135.7704574,8,19,6,106,3,53,13
id_1336,浅蘇,京都市左京区聖護院川原町３５番地２６,左京区,簡易宿所,H30.12.7,35.0178844,135.7773936,18,11,17,66,1,115,5
id_1337,加ぎ平,京都市中京区麩屋町通蛸薬師下る梅屋町481,中京区,旅館・ホテル,H6.11.17,35.0057087,135.7654156,0,39,0,35,1,41,0
id_1338,鈴　清水五条町家　北,京都市東山区宮川筋柿町下る宮川筋七丁目３９０番地（北側）,東山区,簡易宿所,R2.10.27,34.9971472,135.7696672,6,10,32,67,12,70,10
id_1339,慶有魚　六角,京都市中京区六角通油小路西入越後町１９９番地７,中京区,簡易宿所,R2.8.24,35.0077116,135.7524863,0,1,2,25,0,16,0
id_1340,鈴　天神町,京都市下京区間之町通花屋町下る天神町４１１番地６,下京区,簡易宿所,H31.1.21,34.9932086,135.7617814,2,0,0,23,0,2,0
id_1341,京蘭　時雨邸,京都市南区東九条上御霊町６４番地２,南区,簡易宿所,R6.3.29,34.9797867,135.7621039,6,4,5,38,0,26,0
id_1342,憩　出町柳ゲストハウス２,京都市左京区田中下柳町８番地８９,左京区,簡易宿所,H31.4.4,35.0292876,135.7736567,0,7,12,65,2,46,1
id_1343,稲荷院,京都市東山区大仏南門通大和大路東入二丁目南瓦町７０７番地１,東山区,簡易宿所,H29.2.2,34.9859236,135.7731282,54,16,35,97,12,134,4
id_1344,京宿うさぎ別邸　お花,京都市中京区西ノ京職司町５６番地南側,中京区,簡易宿所,H29.10.19,35.0113932,135.743754,32,54,6,84,0,97,1
id_1345,ＵＮＫＮＯＷＮ　ＫＹＯＴＯ　南棟,京都市下京区西木屋町通五条下る七条新地平居町５５番地１,下京区,簡易宿所,R2.2.10,34.9946327,135.7660104,21,31,27,83,0,109,13
id_1346,奏　九条明田町,京都市南区東九条明田町４１番地９（家屋番号４１番９の１）,南区,簡易宿所,R6.2.2,34.9758366,135.7605199,33,0,1,57,3,45,1
id_1347,ホテル　ハノハノ　モザイク,京都市左京区上高野上荒蒔町8番地,左京区,簡易宿所,H9.3.10,35.0584003,135.791651,0,11,19,53,0,41,8
id_1348,弐の局,京都市上京区出水通淨福寺西入東神明町297番地,上京区,簡易宿所,H26.6.10,35.0209902,135.7443979,0,3,14,49,2,43,0
id_1349,ＵＮＯ　ＨＯＴＥＬ,京都市東山区五条通大和大路東入五丁目梅林町５６３番地１１,東山区,簡易宿所,R7.11.27,34.9955595,135.7762081,8,17,49,96,15,126,10
id_1350,稲荷兔奈家,京都市東山区本町二十二丁目４９２番地４,東山区,簡易宿所,H28.5.26,34.9708932,135.7710652,1,0,4,21,2,9,0
id_1351,グランツ　ケイ　京都駅,京都市南区西九条院町２４番地１,南区,簡易宿所,R1.7.3,34.9821265,135.7559242,22,16,3,89,8,94,2
id_1352,壬生小宿,京都市中京区壬生高樋町６０番地５３,中京区,簡易宿所,H30.6.21,35.0015316,135.7405459,0,44,17,61,3,87,13
id_1353,京都ガーデンパレス,京都市上京区烏丸通下長者町上る龍前町605-1,上京区,旅館・ホテル,H8.6.21,35.023082,135.7588385,6,0,0,55,2,33,3
id_1354,アクアプリータ１０２,京都市南区東九条東山王町５番地（南から２軒目）,南区,簡易宿所,R6.3.27,34.9821136,135.7615173,58,2,13,88,16,103,2
id_1355,京宿家新道あずき庵,京都市東山区建仁寺町四条下る四丁目小松町５５７番地１０,東山区,簡易宿所,H25.8.5,35.0022267,135.7734076,32,7,2,66,0,47,3
id_1356,Ｃｈａｒｍｉｎｇ,京都市右京区太秦安井辰巳町１１番地３,右京区,簡易宿所,H29.1.26,35.014146,135.7227726,51,5,23,81,9,93,2
id_1357,Ｖｉｌｌａ-Ｆｕｓｈｉｍｉ　Ｉｎａｒｉ,京都市伏見区深草綿森町４１番地１２,伏見区,簡易宿所,R1.8.8,34.9613015,135.7700308,10,191,7,92,39,310,2
id_1358,桃山温泉　月見館,京都市伏見区桃山町泰長老１６０番地４,伏見区,旅館・ホテル,R7.1.17,34.928406,135.7702898,5,3,16,48,6,32,1
id_1359,井筒ホテル　京都高瀬川別邸,京都市中京区木屋町通四条上る鍋屋町２０９番地,中京区,簡易宿所,R6.8.23,35.0052431,135.7708152,0,3,0,48,1,9,1
id_1360,Ｋｙｏ－Ａｎｔｈｕ　Ｉｎｎ（京アンスイン）,京都市東山区本町七丁目１９番地,東山区,簡易宿所,H30.10.16,34.9886992,135.7698036,32,23,22,79,12,102,4
id_1361,,京都市下京区朱雀正会町３８番地８　東側,下京区,施設外玄関帳場,,34.9910706,135.7437885,27,41,104,104,3,187,10
id_1362,,京都市伏見区深草秡川町２５番地６（１Ｆ北側）,伏見区,施設外玄関帳場,,34.9669845,135.7688988,0,13,0,32,4,28,0
id_1363,祇園　御宿　菊渓,京都市東山区高台寺北門前通下河原東入鷲尾町５０５番地１,東山区,旅館・ホテル,R1.10.28,35.0014602,135.77963,34,10,0,68,9,62,3
id_1364,三条　上,京都市東山区三条通白川橋東入九丁目東小物座町附属７１５番地１３,東山区,簡易宿所,H28.5.31,35.0078552,135.7904655,40,10,29,74,9,93,3
id_1365,ザ　ロイヤルパークホテル　京都梅小路,京都市下京区観喜寺町９番地３,下京区,旅館・ホテル,R3.3.11,34.9881532,135.7443863,19,3,77,91,3,130,7
id_1366,三交イン京都八条口,京都市南区東九条上殿田町４８番地１,南区,簡易宿所,R1.8.28,34.9836941,135.758879,1,2,4,34,1,12,0
id_1367,京蘭－幻月邸,京都市南区東九条南山王町３１番地,南区,簡易宿所,R3.11.4,34.9818288,135.7622461,18,31,17,82,4,85,2
id_1368,ＴＡＢＩＴＡＢＩ　ＳＴＡＹ　月光町,京都市中京区西ノ京東月光町３４番地２,中京区,簡易宿所,R2.9.8,35.0103652,135.7381456,54,9,9,97,7,89,1
id_1369,ホテル平安の森京都,京都市左京区岡崎東天王町５１番地,左京区,旅館・ホテル,H28.7.13,35.0165399,135.7903173,4,0,4,35,2,13,0
id_1370,縁,京都市下京区北小路通新町西入井筒町６５３番地,下京区,簡易宿所,R7.2.12,34.990517,135.7561024,5,0,0,41,0,26,1
id_1371,長安宿・京都・西本願寺,京都市下京区油小路通六条上る卜味金仏町１８５番地１,下京区,簡易宿所,R6.11.6,34.9946931,135.7538517,70,6,52,93,0,156,18
id_1372,ＴＳＵＢＯＭＩ　Ｌｕｘｕｒｙ　Ｉｎｎ　島原別邸　壱,京都市下京区小坂町７番地１６,下京区,簡易宿所,R4.7.7,34.9935448,135.7454518,4,7,1,34,1,23,3
id_1373,小の山荘,京都市左京区大原来迎院町444,左京区,旅館・ホテル,S34.3.4,35.1180099,135.8340731,29,16,16,87,8,100,18
id_1374,Ｃｏｚｙ,京都市右京区太秦安井辰巳町１０番地１０（家屋番号１０番１０の６）,右京区,簡易宿所,R1.5.17,35.0141383,135.7230778,29,13,1,55,1,98,0
id_1375,欒　ＬＡＮ,京都市東山区四条通大和大路西入中之町２００番地カモガワビル９階,東山区,簡易宿所,R3.10.18,35.0039926,135.7727317,0,0,26,42,4,36,1
id_1376,Ｓｈｉｋｉ　Ｓｕｉｔｅｓ,京都市下京区猪熊通三哲下る上夷町１５７番地,下京区,簡易宿所,H30.7.18,34.9862809,135.7510546,5,27,6,100,3,49,7
id_1377,ＯＭＯ５　京都三条　ｂｙ　星野リゾート,京都市中京区河原町通三条上る恵比須町４３４番地１,中京区,旅館・ホテル,R3.3.30,35.0091618,135.7685288,46,25,0,60,4,83,0
id_1378,萬福家・京都八坂,京都市東山区八坂塔之下星野町９３番地９,東山区,簡易宿所,H30.4.10,34.9985747,135.7780523,24,0,20,72,0,60,3
id_1379,藤屋　月のへや,京都市伏見区深草森吉町３番地８,伏見区,簡易宿所,R7.11.12,34.9717774,135.769732,1,0,12,44,1,18,0
id_1380,ｌｕｌｕ,京都市中京区油小路通二条下る二条油小路町２７０番地１,中京区,簡易宿所,H28.4.28,35.0123391,135.753503,4,28,5,62,2,64,3
id_1381,ザ・オールドモダン,京都市東山区馬町通大和大路東入二丁目下新シ町３３２番地,東山区,簡易宿所,H31.1.30,34.9938458,135.7720838,30,3,0,31,2,36,1
id_1382,ルアナ東山,京都市東山区三条白川筋西三筋南入高畑町５９８番地３,東山区,簡易宿所,H30.5.7,35.0079302,135.7776206,20,0,0,54,9,37,1
id_1383,,京都市伏見区深草祓川町２４番地８,伏見区,施設外玄関帳場,,34.9671174,135.768625,2,66,46,113,2,200,2
id_1384,麻呂家　庄ノ内,京都市下京区中堂寺庄ノ内町６番地３９,下京区,簡易宿所,R5.10.20,34.9975789,135.7390038,1,8,1,42,0,18,0
id_1385,Ｎａｚｕｎａ京都西本願寺,京都市下京区油小路通花屋町下る仏具屋町２２８番地２,下京区,旅館・ホテル,R7.9.11,34.992072,135.7538879,3,20,30,85,3,77,5
id_1386,彩松,京都市南区東九条南松ノ木町１８番地５,南区,簡易宿所,H29.1.30,34.977004,135.7644083,9,11,14,40,0,55,0
id_1387,,京都市下京区西七条西八反田町８２番地１６,下京区,施設外玄関帳場,,34.9923654,135.7364989,22,25,4,75,0,61,7
id_1388,零　ＩＮＮ　七条堀川,京都市下京区猪熊通下魚ノ棚下る樽屋町３６９番地２,下京区,簡易宿所,R3.6.4,34.9886503,135.750714,1,1,1,26,0,9,1
id_1389,ザ　エディスターホテル京都二条,京都市中京区西堀川通姉小路下る姉西堀川町５０８番地,中京区,旅館・ホテル,H30.9.5,35.0093178,135.7514517,67,66,2,97,4,149,10
id_1390,モクサ,京都市左京区上高野東山６５番地,左京区,旅館・ホテル,R4.1.17,35.0633946,135.8072012,2,6,2,65,3,35,5
id_1391,,京都市北区大将軍川端町９番地,北区,施設外玄関帳場,,35.0260126,135.7323337,12,3,0,42,0,61,0
id_1392,ＨＯＴＥＬ　ＬｉＶＥＭＡＸ　京都鴨川前,京都市下京区六軒通高瀬川筋東入早尾町１６１番地,下京区,旅館・ホテル,H31.4.25,34.9939779,135.7663593,3,1,4,24,0,12,1
id_1393,ＦＵＪＩＴＡＹＡ,京都市下京区西七条北西野町３７番地１,下京区,簡易宿所,H29.4.28,34.9897699,135.7341376,5,4,1,33,0,18,1
id_1394,葉津家,京都市東山区下河原通八坂鳥居前下る上弁天町440-1,東山区,旅館・ホテル,S46.4.1,35.0012825,135.7784817,5,7,16,66,0,45,3
id_1395,Ｍｉｎｎ　四条大宮,京都市中京区壬生坊城町１２番地１３、１２番地４、１２番地１２,中京区,簡易宿所,R6.8.16,35.004835,135.7466917,3,20,0,45,1,28,1
id_1396,Ｋｙｏｔｏ　Ｃｏｚｙ　Ｈｏｕｓｅ　１９４６　ｂｙ　宿ル　ＫＹＯＴＯ　ＨＡＮＡＲＥ,京都市下京区梅小路石橋町４９番地３,下京区,簡易宿所,R2.4.22,34.986053,135.7355374,66,4,32,97,0,138,1
id_1397,ココ館,京都市東山区大和大路通五条下る二丁目上棟梁町１２６番地１２,東山区,簡易宿所,R1.11.26,34.9932617,135.7711763,20,1,2,61,0,26,0
id_1398,懿造,京都市下京区高辻通烏丸東入匂天神町６３４番地１,下京区,簡易宿所,H28.6.7,35.0009815,135.7605178,7,10,0,39,1,21,0
id_1399,京町家　千光苑,京都市東山区一橋宮ノ内町１２番地１２,東山区,簡易宿所,R7.12.1,34.9878996,135.7685147,29,1,20,66,0,70,0
id_1400,吉祥居,京都市下京区岩上通高辻下る吉文字町４４４番地,下京区,簡易宿所,H30.11.20,34.9999204,135.751205,18,3,35,82,3,73,7
id_1401,有限会社　高雄錦水亭,京都市右京区梅ケ畑殿畑町４０番地,右京区,旅館・ホテル,H10.6.5,35.0579592,135.6771338,8,7,1,30,0,29,0
id_1402,京町屋　沙々羅亭,京都市中京区壬生中川町２０番地２０,中京区,簡易宿所,R4.4.28,35.006346,135.7371111,12,2,0,29,0,20,0
id_1403,ＡＳＵＭＩ東寺,京都市南区西九条開ケ町１２番地,南区,簡易宿所,R2.3.17,34.9763951,135.751507,0,0,5,23,1,12,0
id_1404,花火,京都市下京区夷馬場町２番地３５,下京区,簡易宿所,H29.2.1,34.9912558,135.7453511,3,23,32,80,0,60,1
id_1405,ＭＡＴＥＲＩＡＬ－府庁前－,京都市中京区丸太町通油小路東入横鍛冶町９９番地,中京区,簡易宿所,H31.3.19,35.0172363,135.7539107,40,0,1,65,3,49,1
id_1406,ひなや五条（壱）,京都市東山区五条橋東四丁目４４８番地,東山区,簡易宿所,H30.5.14,34.9949712,135.773829,29,0,16,63,22,70,2
id_1407,二条ステイむすび草,京都市上京区千本通二条下る聚楽町８６３番地２４,上京区,簡易宿所,H30.12.4,35.0162798,135.7430205,2,8,5,78,6,33,1
id_1408,木下,京都市東山区八坂塔之下星野町８８番地５,東山区,簡易宿所,H29.3.15,34.9985747,135.7780523,7,2,70,78,15,119,4
id_1409,だいや,京都市下京区下珠数屋町通東洞院東入西玉水町292,下京区,旅館・ホテル,S31.4.16,34.9904604,135.7612201,40,47,0,69,3,97,5
id_1410,えんの家,京都市中京区柳馬場通二条下る等持寺町２４番地２,中京区,簡易宿所,R7.5.22,35.0127506,135.7637146,6,54,1,94,3,98,10
id_1411,ＲＥＳＩ　ＳＴＡＹ　ＴＨＥ　ＫＹＯＴＯ,京都市下京区東中筋通六条下る学林町３０８番地２,下京区,簡易宿所,R1.10.31,34.9938244,135.7543197,1,0,10,33,0,17,0
id_1412,瑠璃光,京都市南区西九条東島町５０番地５８,南区,簡易宿所,R1.6.25,34.9783583,135.7542761,4,2,3,25,2,40,0
id_1413,ゲストハウス奥の庵,京都市上京区堀川通寺之内上る二丁目下天神町６５０番地５１,上京区,簡易宿所,H28.12.19,35.0354489,135.7494646,0,15,0,40,2,28,4
id_1414,小梅庵,京都市下京区夷馬場町５番地１３,下京区,簡易宿所,H29.1.31,34.9910514,135.7454911,1,3,4,24,0,13,1
id_1415,鈴　清水五条町家　南,京都市東山区宮川筋柿町下る宮川筋七丁目３９０番地（南側）,東山区,簡易宿所,R2.10.27,34.9971472,135.7696672,0,1,22,72,0,42,3
id_1416,めぐみ庵　西陣邸,京都市上京区大宮通上長者町下る東堀町６１５番地１３,上京区,簡易宿所,H31.4.24,35.0232924,135.7488163,14,11,32,96,6,215,10
id_1417,京の宿　祇園佐の　別館　「和清庵」,京都市東山区粟田口三条坊町４７番地,東山区,簡易宿所,R1.12.25,35.0087162,135.7824914,13,1,0,22,0,15,0
id_1418,いぬとねこにやさしいお宿　京都,京都市下京区高倉通高辻下る葛籠屋町５１８番地,下京区,簡易宿所,H30.1.16,34.9994253,135.7626942,3,4,4,27,0,13,1
id_1419,Ｐｒｉｖａｔｅ　Ｒｅｓｉｄｅｎｃｅ　京都駅前　瑞,京都市南区東九条西岩本町３番地６,南区,簡易宿所,R1.5.29,34.9827375,135.762974,0,5,8,57,0,99,1
id_1420,壬生ゲストハウス,京都市中京区壬生下溝町２６番地８,中京区,簡易宿所,R1.9.9,34.9992055,135.7385528,51,78,9,93,0,174,10
id_1421,京蘭　はやし邸　蒼海,京都市東山区耳塚通正面下る塗師屋町５９９番地（西側）,東山区,簡易宿所,R6.11.29,34.9907855,135.7700109,2,5,10,41,4,22,0
id_1422,ＧＵＥＳＴ　ＯＮＥ　ＫＹＯＴＯ,京都市下京区木屋町通七条下る若宮町４７２番地２,下京区,簡易宿所,H29.2.9,35.0012678,135.7692946,0,35,4,65,2,51,0
id_1423,Ｒｉｎｎ　Ｍａｃｈｉｙａ　Ｋｕｏｎ,京都市下京区若宮通七条上る竹屋町６６４番地,下京区,簡易宿所,R4.5.23,34.9901062,135.7562501,0,3,1,18,0,8,0
id_1424,ＭＡＡＮＡ　ＫＩＹＯＭＩＺＵ　ＳＵＩＴＥ０３,京都市東山区馬町通妙法院北門前妙法院前側町４２７番地１８、４２７番地１９（東側１軒目）,東山区,簡易宿所,R4.11.1,34.991482,135.7744079,8,0,0,28,0,12,0
id_1425,都花,京都市東山区八坂通下河原東入八坂上町３７３番地２,東山区,簡易宿所,H30.7.30,34.998491,135.7795929,51,20,37,118,18,132,5
id_1426,京宿家　開智かきしぶ庵,京都市下京区御幸町通綾小路下る丸屋町４１８番地３,下京区,簡易宿所,H27.11.13,35.0018078,135.7660381,24,5,40,102,9,105,25
id_1427,鴨半,京都市下京区木屋町通五条下る都市町143番地9,下京区,簡易宿所,H27.11.4,34.9945324,135.7671583,0,9,0,19,0,12,0
id_1428,ＡＮＧＯ　ＫＹＯＴＯ　Ⅰ,京都市中京区壬生高樋町１７番地２４,中京区,簡易宿所,R6.4.22,35.0026094,135.7409121,51,12,8,115,3,77,1
id_1429,京都駅南ゲストハウス,京都市南区東九条上御霊町２番地４０,南区,簡易宿所,H30.2.14,34.9803341,135.7616528,2,10,14,72,6,215,3
id_1430,Мｉｒｕ　Ｋｙｏｔｏ　Ｇｉｏｎ,京都市東山区大和大路通新橋上る元吉町４３番地,東山区,簡易宿所,R5.5.9,35.0059816,135.7730373,8,12,40,81,15,77,1
id_1431,紫,京都市東山区祇園町南側570-7,東山区,旅館・ホテル,S33.10.8,35.0020566,135.7742317,51,5,3,54,6,73,2
id_1432,シティペンションリオンドール,京都市中京区東堀川通夷川上る八丁目538,中京区,簡易宿所,H5.6.2,35.017827,135.7724742,51,25,6,71,4,134,3
id_1433,匠人,京都市中京区三条通高倉東入桝屋町６７番地ネオス三条１，３階,中京区,簡易宿所,H28.8.5,35.0084699,135.7634049,29,28,0,68,0,71,3
id_1434,上賀茂ゲストハウス,京都市北区紫竹上堀川町２０番地,北区,簡易宿所,H29.11.14,35.0564522,135.7507536,34,12,6,85,1,75,1
id_1435,京の宿　清水　想　　楓,京都市東山区八坂塔ノ下星野町８８番地２（北棟）,東山区,簡易宿所,R6.12.24,34.9984946,135.7784527,10,0,0,27,2,13,1
id_1436,ふじ乃ま,京都市下京区東中筋通六条上る天使突抜四丁目４７６番地１１,下京区,簡易宿所,H30.1.19,34.994186,135.754589,0,9,4,17,0,16,0
id_1437,悠　居,京都市東山区泉涌寺門前町２９番地２６,東山区,簡易宿所,R2.4.28,34.9830967,135.7726068,0,4,0,41,4,14,2
id_1438,ＴＯＪＩ　ＷＡＬＫ　ＩＮＮ,京都市南区西九条比永城町１９番地,南区,簡易宿所,H31.3.27,34.9778365,135.7494332,24,34,17,86,6,90,2
id_1439,サムライハウス,京都市上京区元誓願寺通小川東入元図子町４７７番地４２戸１棟長屋北側,上京区,簡易宿所,H31.2.12,35.0284234,135.7549235,7,0,0,38,1,15,1
id_1440,RESI STAY KUON,京都市中京区高倉通六角下る和久屋町３５７番地、３５７番地２,中京区,簡易宿所,R6.12.11,35.006503,135.7627334,4,44,6,76,7,87,7
id_1441,ゲストハウス　一葉庵,京都市東山区大和大路通四条下る四丁目小松町５６４番地５２,東山区,簡易宿所,H28.3.11,35.0000116,135.7753798,57,19,6,98,18,123,5
id_1442,粟田口　宇庵　空,京都市東山区粟田口鍛冶町６番地１，６番地２,東山区,簡易宿所,H30.5.11,35.0087536,135.7849027,7,0,1,30,0,14,1
id_1443,ＳＵＭＵｉｉ,京都市南区東九条南烏丸町３３番地９,南区,簡易宿所,H29.3.16,34.9792611,135.7606321,3,10,2,86,1,23,2
id_1444,お宿　東寺１,京都市南区西九条東柳ノ内町５４番地１８、５４番地１９（１Ｆ）,南区,簡易宿所,R6.11.26,34.975506,135.7529642,2,0,2,64,1,15,1
id_1445,京都グランベルホテル,京都市東山区大和大路通四条下る大和町２７番地,東山区,旅館・ホテル,H29.7.3,35.0030598,135.7726854,40,17,35,97,15,117,1
id_1446,ジスコホテル　京都御所西,京都市上京区下立売通烏丸西入五町目町１７７番地１,上京区,簡易宿所,R1.9.3,35.020361,135.7584246,0,0,0,37,0,9,0
id_1447,ジチェン２,京都市東山区清閑寺池田町３５番地１０,東山区,簡易宿所,H30.4.19,34.9910766,135.7814925,6,2,4,85,0,14,1
id_1448,ＫｉＹＯＭｉＺＵ　Ｈｏｕｓｅ,京都市下京区西木屋町通五条下る南京極町59番地,下京区,簡易宿所,H28.3.31,34.9943708,135.7661975,21,4,6,98,0,70,18
id_1449,ＮＡＺＵＮＡ　京都　椿通　ＴＡＫＥ－２７,京都市下京区高辻通大宮西入坊門町８３６番地２７,下京区,簡易宿所,R2.6.10,34.9994788,135.748295,22,5,40,91,3,88,10
id_1450,谷町君　星屋旅館　晴博,京都市西京区嵐山中尾下町２０番地４８,西京区,簡易宿所,H30.4.16,35.0104024,135.6787443,20,106,7,69,1,145,10
id_1451,ゲストハウス　ＯＮＥＷＯＲＬＤ　四条,京都市中京区壬生賀陽御所町３０番地１,中京区,簡易宿所,H30.8.3,35.00149,135.746048,4,34,0,69,0,42,0
id_1452,京都駅　茜家,京都市南区西九条藤ノ木町１１番地１７,南区,簡易宿所,H28.2.15,34.983615,135.751645,18,0,11,64,6,131,2
id_1453,ｆｏｎｔｅ　京都,京都市山科区竹鼻外田町１５番地２,山科区,簡易宿所,R2.4.8,34.9910453,135.8199468,2,29,20,95,3,74,1
id_1454,東福イン　朱雀,京都市下京区朱雀正会町３８番地８,下京区,簡易宿所,R7.11.4,34.9910706,135.7437885,2,20,0,57,0,24,1
id_1455,鈴　三年坂　夢子,京都市東山区松原通大橋東四丁目清水二丁目２５７番地１６,東山区,簡易宿所,H30.4.26,34.9964962,135.7812505,4,2,1,19,2,14,0
id_1456,ＨＯＴＥＬ　ＮＩＮＪＡ　ＢＬＡＣＫ,京都市上京区中長者町通新町西入仲之町２８２番地,上京区,旅館・ホテル,R5.7.31,35.0233834,135.7557563,10,8,6,86,8,59,18
id_1457,京宿　日和・五条,京都市下京区万寿寺通烏丸西入御供石町３５３番地,下京区,簡易宿所,R1.5.16,34.9977414,135.7587439,3,70,83,78,3,178,5
id_1458,笈楽居,京都市中京区西ノ京右馬寮町１番地,中京区,簡易宿所,H29.8.7,35.0156953,135.7376057,37,132,5,71,7,195,0
id_1459,京都ヴィラ七条東山,京都市東山区本町八丁目７６番地２,東山区,簡易宿所,R3.12.22,34.9866419,135.7694642,21,2,0,36,2,26,0
id_1460,下鴨アパートメントホテル,京都市左京区田中大堰町２１２番地１レバンガ百万遍１０９号室,左京区,簡易宿所,H29.8.15,35.0313787,135.7788112,18,11,2,79,6,43,5
id_1461,東山庵　桃李,京都市東山区宝福寺門前小島町１４４番地７,東山区,簡易宿所,H30.10.30,34.9959757,135.7758892,0,1,12,47,4,20,2
id_1462,嵐ＨＯＵＳＥ,京都市南区東九条中札辻町２６番地１,南区,簡易宿所,R7.2.25,34.9766161,135.7621965,51,2,14,72,4,101,0
id_1463,,京都市南区西九条藤ノ木町９８番地,南区,施設外玄関帳場,,34.9842233,135.7518918,4,0,3,30,1,20,1
id_1464,ホテルインターゲート京都　四条新町,京都市中京区新町通錦小路上る百足屋町３８７番地,中京区,旅館・ホテル,H30.2.15,35.0053951,135.7564581,32,54,8,81,3,105,1
id_1465,京ノ夢,京都市南区東九条石田町４６番地,南区,簡易宿所,R3.4.28,34.9740938,135.7606877,74,3,21,116,8,156,0
id_1466,宿ル　ＫＹＯＴＯ　ＨＡＮＡＲＥ　和紙ノ宿,京都市南区西九条針小路町８９番地３,南区,簡易宿所,H29.6.22,34.9821314,135.7523114,0,2,0,19,1,4,0
id_1467,ロディソンホテル京都七条,京都市下京区西木屋町通七条上る新日吉町１３７番地,下京区,旅館・ホテル,R1.11.14,34.989085,135.7652619,62,41,6,113,3,117,1
id_1468,おたびしょ庵,京都市南区西九条池ノ内町９９番地９,南区,簡易宿所,H30.4.18,34.9828533,135.7530343,12,1,0,47,0,20,3
id_1469,新潟屋旅館,京都市下京区六条通室町東入東魚屋町224,下京区,旅館・ホテル,S24.6.30,34.9939009,135.758596,29,5,104,89,3,151,1
id_1470,京の宿　縁　四条,京都市下京区仏光寺通烏丸東入上柳町３１５番地１８,下京区,簡易宿所,H30.12.5,35.0018316,135.7602869,3,5,77,94,0,94,7
id_1471,宮川町町家 １Ｆ,京都市東山区柿町通大黒町西入東川原町５２７番地　１階,東山区,簡易宿所,R1.7.31,34.996906,135.7707015,22,21,27,70,1,74,0
id_1472,ＫＹＯＴＯ　ＡＹＡ株式会社,京都市南区八条内田町４４番地１,南区,簡易宿所,H30.7.30,34.9816555,135.7432114,25,36,37,72,8,119,4
id_1473,有客,京都市南区西九条御幸田町１３番地１７,南区,簡易宿所,H30.10.11,34.974978,135.7495998,3,17,17,103,8,154,0
id_1474,丸福樓本館,京都市下京区正面通木屋町東入北側鍵屋町３４２番地,下京区,旅館・ホテル,R4.3.28,34.9950789,135.7592273,0,0,0,57,0,10,4
id_1475,京ノ舎　京都駅,京都市東山区一橋野本町８７番地２１,東山区,簡易宿所,R2.3.3,34.9850123,135.7687013,2,0,2,44,4,13,1
id_1476,吠陀,京都市東山区大和大路通松原下る二丁目薬師町２３５番地,東山区,簡易宿所,H23.10.19,34.9976833,135.772694,43,0,5,80,12,79,3
id_1477,京宿家格致しょうぶ庵,京都市下京区高辻通油小路東入永養寺町２４０番地（家屋番号３７）,下京区,簡易宿所,H23.11.7,35.0000274,135.7545247,29,80,90,80,3,210,7
id_1478,トラベロッジ京都四条河原町,京都市中京区河原町通三条下る二丁目山崎町２４２番地、２４０番地４、２４４番地,中京区,簡易宿所,R7.3.21,35.0072478,135.7688398,45,47,1,90,3,100,0
id_1479,ホテルビスタプレミオ京都[河原町通],京都市中京区新京極通三条下る東入松ヶ枝町４５７番地,中京区,旅館・ホテル,H25.11.28,35.0078925,135.7681458,54,8,1,79,3,76,7
id_1480,コンテニュー二条城北,京都市上京区日暮通丸太町上る南伊勢屋町７５０番地,上京区,簡易宿所,R6.5.8,35.017507,135.7478045,0,0,2,48,2,14,3
id_1481,枕流,京都市東山区宮川筋松原下る宮川筋五丁目３４８番地,東山区,簡易宿所,R2.11.16,34.9986006,135.7702881,6,16,4,90,2,35,4
id_1482,京一軒町家　染　ＳＥＮ　大宮五条　ろ,京都市下京区下松屋町通松原下る上長福寺町２４６番地７,下京区,簡易宿所,H31.4.23,34.9977733,135.7486651,3,4,1,32,0,14,1
id_1483,栄家,京都市下京区木屋町通高辻上る和泉屋町170,下京区,旅館・ホテル,S34.2.10,35.0002579,135.7691088,47,3,25,73,2,97,13
id_1484,ザ・ゲートホテル京都高瀬川　ｂｙ　ＨＵＬＩＣ,京都市中京区蛸薬師通河原町東入備前島町３１０番地２,中京区,旅館・ホテル,R2.7.17,35.0053572,135.7702979,0,1,0,21,0,9,0
id_1485,粟田口　宇庵　月,京都市東山区粟田口鍛冶町６番地,東山区,簡易宿所,H29.5.10,35.0087536,135.7849027,16,14,2,48,4,45,1
id_1486,寺内町ゲストハウス,京都市南区八条寺内町８番地５,南区,簡易宿所,R3.6.25,34.9829462,135.745232,27,5,8,45,2,44,0
id_1487,京都東急ホテル東山,京都市東山区三条通白川橋東入三丁目夷町１７５番地２,東山区,旅館・ホテル,R5.6.7,35.0089727,135.7835179,20,17,16,56,6,61,1
id_1488,京町　誠,京都市中京区壬生下溝町４８番地１４,中京区,簡易宿所,R1.6.4,35.0002525,135.7372752,103,51,6,74,0,173,7
id_1489,京恋　大本家,京都市下京区油小路通正面下る玉本町１９２番地２,下京区,簡易宿所,H30.12.17,34.9909184,135.7538453,0,9,16,45,1,33,3
id_1490,京花庵,京都市中京区新町通錦小路上る百足屋町３７８番地６,中京区,簡易宿所,H27.2.2,35.0057704,135.7570097,3,37,0,53,1,42,0
id_1491,八重家　かもがわ,京都市下京区木屋町通六軒上る都市町１４１番地４,下京区,簡易宿所,H30.9.28,34.9949568,135.7672509,5,0,0,38,0,7,1
id_1492,宿ｙａ,京都市左京区山端川端町７番地７,左京区,簡易宿所,H27.10.20,35.0510834,135.7899348,9,7,7,50,0,36,0
id_1493,Ｇｕｅｓｔｈｏｕｓｅ　Ｋｅｉｋｏ,京都市中京区御幸町通夷川上る松本町５７６番地１,中京区,簡易宿所,H23.12.19,35.0150479,135.7666677,26,0,2,37,0,30,1
id_1494,田鶴,京都市下京区木屋町通松原上る美濃屋町179-1,下京区,旅館・ホテル,S44.8.30,34.9994319,135.7688718,0,3,14,28,0,22,0
id_1495,京と家　月の湯　輝庭　Ｓｏｕｔｈ,京都市南区東九条河西町４１番地３,南区,簡易宿所,R2.10.20,34.9798581,135.7667052,18,1,11,67,3,111,1
id_1496,淳風しらふじ庵,京都市下京区大宮通高辻下る高辻大宮町１０６番地,下京区,簡易宿所,H23.4.12,34.9999706,135.7493314,21,21,25,77,0,76,7
id_1497,兎子,京都市南区西九条南田町４４番地,南区,簡易宿所,R1.9.18,34.9787227,135.7489983,21,0,2,67,12,43,1
id_1498,喜楽・弥生,京都市下京区猪熊通木津屋橋下る金換町８１番地３,下京区,簡易宿所,R2.3.26,34.9878167,135.7511031,2,3,20,58,0,36,0
id_1499,ＴＨＥ ＲＥＩＧＮ ＨＯＴＥＬ ＫＹＯＴＯ,京都市南区東九条柳下町６７番地１,南区,旅館・ホテル,R2.8.13,34.9734983,135.764043,0,0,1,46,0,15,1
id_1500,古都韻　Ｋｏｔｏ　Ｉｎｎ,京都市東山区三条通北裏白川筋東入堀池町３７３番地１８,東山区,簡易宿所,H29.10.10,35.0102663,135.782009,48,2,77,101,30,202,5
id_1501,のぞむ家,京都市東山区下河原通八坂塔之前下る八坂上町３７４番地４,東山区,簡易宿所,H30.12.21,34.9981073,135.7796029,3,23,18,68,4,69,3
id_1502,京都　梅小路　花伝抄,京都市下京区朱雀内畑町４１番地１０,下京区,旅館・ホテル,R4.2.21,34.9885633,135.7424355,27,3,16,65,0,52,5
id_1503,紫月,京都市上京区鞍馬口通大宮西入上ル西若宮北半町１５５,上京区,簡易宿所,H24.2.27,35.0382562,135.7481458,0,5,4,23,0,14,0
id_1504,Ｋｙｏｍａｃｈｉｙａ Ｇｉｏｎ Ｍｉｙａｇａｗａｔｅｉ 京町屋 祇園 宮川邸,京都市東山区大黒町通松原下る二丁目山城町２８２番地１４,東山区,簡易宿所,H30.3.27,34.9975247,135.7706711,0,6,2,46,4,14,1
id_1505,二条城ゲストハウス,京都市上京区日暮通丸太町下る四町目８０２番地５７,上京区,簡易宿所,R6.11.7,35.0164775,135.7475392,1,25,0,47,0,48,1
id_1506,潤心庵,京都市東山区下河原町４６３－２５，４６３－２６,東山区,簡易宿所,H15.2.28,35.0000233,135.7795767,0,7,12,46,4,35,0
id_1507,ことりや,京都市中京区壬生森前町１９番５,中京区,簡易宿所,H22.9.8,35.0022242,135.7370633,32,0,17,61,0,52,1
id_1508,＆ｚｅｎ．　京都祇園,京都市東山区新門前通大和大路東入三丁目梅本町２５０番地,東山区,簡易宿所,H30.10.23,35.0060331,135.7761113,27,23,18,63,0,75,4
id_1509,リンツ　ハウス,京都市東山区四条通大和大路東入園町北側３４７番地１７０,東山区,簡易宿所,R1.7.24,35.00467,135.7757316,0,12,4,80,9,37,4
id_1510,Ｓｔａｙ　ｉｎｎ　Ｋｙｏｔｏ　Ｇｏｊｏ,京都市下京区下松屋町通松原下る上長福寺町２１６番地３,下京区,簡易宿所,H29.8.9,34.9986826,135.7480728,18,5,27,96,7,71,1
id_1511,京都町家　西京院,京都市右京区西院小米町３４番地１,右京区,簡易宿所,H30.7.31,35.004099,135.7247224,6,4,6,78,3,27,4
id_1512,楽,京都市南区東九条西御霊町１６番地６,南区,簡易宿所,H30.12.10,34.9777089,135.7608265,58,10,13,79,1,163,4
id_1513,Ｈｏｔｅｌ　宇多野京都別墅,京都市右京区宇多野御屋敷町１４番地,右京区,旅館・ホテル,R6.11.1,35.024926,135.7092953,54,43,25,107,0,178,2
id_1514,ゲストハウス　宿々,京都市北区紫野東野町２０番地,北区,簡易宿所,H30.8.24,35.0411319,135.7441314,0,1,2,22,2,6,0
id_1515,ｎｉｎａ,京都市南区久世上久世町８０５番地２２（１階）,南区,簡易宿所,R1.5.10,34.9628646,135.7188031,5,0,0,34,1,22,0
id_1516,川嶋旅館,京都市下京区綾小路通柳馬場西入綾材木町２０７番地の２,下京区,旅館・ホテル,S18.10.21,35.0024325,135.76378,2,3,0,19,0,7,0
id_1517,借山,京都市下京区新町通六条下る艮町８４５番地５,下京区,簡易宿所,R5.12.18,34.9927993,135.7563929,3,27,29,74,5,77,7
id_1518,ホテルリバージュ,京都市東山区東大路松原上る四丁目毘沙門町４４番地５０,東山区,簡易宿所,H20.6.12,35.0006308,135.7770187,8,13,97,97,15,174,1
id_1519,ハレ京都東寺,京都市南区東寺東門前町７０番地,南区,簡易宿所,R1.12.23,34.9838425,135.749569,7,1,5,40,0,43,0
id_1520,八重家　若宮町,京都市下京区東枳穀馬場通七条上る三丁目若宮町４８０番地４土手町通上ノ口下る大工町４８３番地４,下京区,簡易宿所,H31.1.9,34.9889096,135.7666687,29,80,6,97,7,150,10
id_1521,京都　桜邸,京都市下京区正面通木屋町東入南側山王町４８６番地，３３４番地,下京区,簡易宿所,H29.6.29,34.9914736,135.765623,3,0,5,24,0,8,0
id_1522,ＪＰ　ＲＥＳＥＲＶＥ　天使突抜町２,京都市下京区東中筋通五条下る天使突抜三丁目４５４番地（家屋番号２４）,下京区,簡易宿所,R6.11.8,34.9953282,135.7541531,5,43,7,101,3,85,10
id_1523,華乃家　鴨川七条ハウス,京都市下京区三ノ宮町通正面下る上三之宮町２８１番地,下京区,簡易宿所,H30.11.29,34.990878,135.7659456,1,35,0,42,0,40,0
id_1524,ＴＡＢＩＴＡＢＩ　ＳＴＡＹ　川間,京都市下京区木屋町通六軒上る都市町１４１番地２（２階）,下京区,簡易宿所,R2.9.8,34.9948987,135.7672036,1,0,4,29,0,7,0
id_1525,福家　五条高瀬川,京都市下京区西高瀬川筋五条下る聖真子町８２番地３,下京区,簡易宿所,H29.3.14,34.9939341,135.7657654,0,51,22,58,0,74,0
id_1526,,京都市左京区新富小路通仁王門下る讃州寺町２４０番地,左京区,施設外玄関帳場,,35.0103216,135.7746298,7,4,0,44,1,21,1
id_1527,太子庵,京都市中京区釜座通押小路下る下松屋町７２０番地１０,中京区,簡易宿所,H29.2.20,35.0115953,135.7561484,12,3,3,44,1,20,0
id_1528,Ｆａｒ　Ｅａｓｔ　Ｍｉｙａｇａｗａ,京都市東山区柿町通新宮川筋東入西川原町４８２番地３,東山区,簡易宿所,R6.12.6,34.9972587,135.7702004,3,0,0,41,0,11,0
id_1529,ホテル　デ・ラ・ピエール,京都市左京区岡崎法勝寺町６４番地１,左京区,旅館・ホテル,H11.3.12,35.0143376,135.7883716,4,2,17,80,8,55,7
id_1530,京小宿　絹,京都市中京区壬生松原町３３番地１０,中京区,簡易宿所,R6.6.12,34.9989257,135.7408114,76,6,5,71,0,92,3
id_1531,ＳＡＮＺＥＮ－ＹＡ　ＫＹＯＴＯ,京都市東山区大和大路塩小路下る蒔田町５４９番地７,東山区,簡易宿所,H28.10.12,34.9865943,135.7710652,18,0,0,48,0,20,2
id_1532,永巧舎一号館,京都市中京区壬生西大竹町２３番地,中京区,簡易宿所,H28.1.22,35.007318,135.7328808,0,5,1,72,7,20,5
id_1533,ｅａｓｙ ｇｕｅｓｔ ｈｏｕｓｅ,京都市北区紫竹西南町６７番地２４,北区,簡易宿所,R2.3.5,35.046555,135.7450777,5,13,8,75,12,65,0
id_1534,,京都市東山区柿町通新宮川筋東入西川原町４７８番地サンパレス東山１階１０１号室,東山区,施設外玄関帳場,,34.9971239,135.7704606,35,4,10,44,0,59,1
id_1535,ＯＭＯ５京都園 ｂｙ 星野リゾート,京都市東山区四条通大和大路東入園町北側２８８番地,東山区,簡易宿所,R3.10.25,35.0041902,135.7768695,24,5,0,56,6,36,0
id_1536,バンヤンツリー・東山　京都,京都市東山区清閑寺霊山町７番地,東山区,旅館・ホテル,R6.6.25,34.9983608,135.7832583,0,2,0,30,2,9,1
id_1537,トラベロッジ京都四条大宮,京都市中京区岩上通錦小路下る松浦町８４８番地２他,中京区,簡易宿所,R3.3.1,35.0045315,135.7509522,8,39,0,31,0,48,1
id_1538,グレイス　ヴィラ　二条城,京都市中京区姉小路通油小路東入ル宮木町４６０番地,中京区,簡易宿所,H25.7.4,35.0098683,135.7539505,6,51,5,79,0,74,7
id_1539,富貴　若竹,京都市右京区太秦堀ケ内町33,右京区,簡易宿所,S57.3.12,35.0142627,135.7002864,12,1,2,37,1,33,1
id_1540,ヒルズ　イン　京都東山,京都市山科区御陵岡ノ西町７５番地４,山科区,簡易宿所,H29.9.20,35.002589,135.7922711,5,3,12,68,0,22,0
id_1541,和漣　別邸,京都市左京区丸太町通川端東入東丸太町１４番地２７,左京区,簡易宿所,R7.4.14,35.0168312,135.7739417,18,13,18,77,1,82,7
id_1542,,京都市東山区蛭子町南組２３４番地１３,東山区,施設外玄関帳場,,34.9921135,135.7706023,0,2,5,27,2,12,0
id_1543,ＰＬＡＴＩＮＵＭ　ＫＩＹＯＭＩＺＵ,京都市東山区清水門前松原産寧坂西入清水四丁目１７０番地２６ ２Ｆ,東山区,簡易宿所,R4.1.14,34.9971679,135.7777267,89,1,25,66,9,126,0
id_1544,みろく家,京都市南区西九条開ケ町１番地２,南区,簡易宿所,R7.1.9,34.976259,135.7512661,7,0,0,45,0,23,0
id_1545,Guest house Connection Karasuma-Gojo,京都市下京区東洞院通五条下る三丁目和泉町５３９番地５,下京区,簡易宿所,H28.8.8,34.9944887,135.7608529,35,95,46,108,3,191,10
id_1546,プリンス　スマート　イン　京都四条大宮,京都市下京区四条通堀川西入唐津屋町５２１番地,下京区,旅館・ホテル,R3.5.14,35.0037226,135.751062,2,20,0,56,1,28,0
id_1547,奏　河原町二条,京都市中京区新烏丸通二条上る橘柳町１５２番地２,中京区,簡易宿所,R2.12.7,35.0142493,135.7680919,6,62,6,82,0,101,18
id_1548,ＫＹＯＹＡＤＯ,京都市伏見区深草六反田町１番地１９,伏見区,簡易宿所,H29.4.24,34.9705914,135.767936,8,0,22,68,12,56,1
id_1549,祇園 京町家山添,京都市東山区松原通大和大路東入弓矢町５５番地１５,東山区,簡易宿所,R7.12.10,34.9987175,135.7731576,1,2,4,21,0,8,0
id_1550,Ａｖｅｎｉｒ　Ｈｏｔｅｌ　Ｋｙｏｔｏ,京都市下京区若宮通松原下る亀屋町４１番地２，４１番地３,下京区,簡易宿所,R2.10.21,34.9984503,135.7561603,3,0,4,67,7,21,0
id_1551,奏　三十三間堂,京都市東山区大和大路通七条南入二丁目辰巳町５８８番地３,東山区,簡易宿所,H28.12.20,34.9878646,135.770843,51,15,32,91,18,135,5
id_1552,すし米,京都市右京区京北周山町中ヶ市15-2,右京区,旅館・ホテル,S59.4.25,35.153602,135.6326173,32,25,6,73,0,71,2
id_1553,京一軒町家　染　ＳＥＮ　東寺　魚美津,京都市南区西九条比永城町１１５番地，西九条南田町４６番地１,南区,簡易宿所,H30.3.20,34.9785656,135.7490723,21,15,2,80,6,113,0
id_1554,京町家　椛の里,京都市伏見区深草フケノ内町１３番地５,伏見区,簡易宿所,R6.12.12,34.9675713,135.7677508,2,66,5,103,12,120,2
id_1555,羽う座京都　五条烏丸,京都市下京区楊梅通室町東入横諏訪町３１６番地，３１８番地,下京区,簡易宿所,H30.11.5,34.9953677,135.759164,5,7,1,40,0,22,1
id_1556,ＴＨＥ　ＮＥＸＴ　ＤＯＯＲ,京都市南区西九条東比永城町６５番地,南区,簡易宿所,R1.12.20,34.9791227,135.750081,0,4,4,40,0,12,0
id_1557,ｇｕｅｓｔｈｏｕｓｅ百万遍ｃｒｏｓｓ,京都市左京区田中大堰町１５７,左京区,簡易宿所,H24.9.27,35.0294315,135.7778278,3,11,14,80,0,57,5
id_1558,Ｔｏｎｔｏｎ　Ｎｏｂｕ,京都市左京区田中下柳町８番地７２,左京区,簡易宿所,H30.11.29,35.0288733,135.7741761,0,0,0,52,2,17,8
id_1559,三井ガーデンホテル京都三条プレミア,京都市中京区三条通東洞院東入菱屋町４５番１,中京区,旅館・ホテル,R6.7.26,35.0084746,135.7619686,45,51,10,94,3,111,1
id_1560,旅館　ピーチパイ,京都市中京区西木屋町通姉小路上る下丸屋町418-2,中京区,旅館・ホテル,S60.8.13,35.0100326,135.7702539,54,8,10,87,0,101,25
id_1561,松田ハウス,京都市南区東九条松田町１３７番地５,南区,簡易宿所,H29.1.16,34.9753127,135.7546067,9,1,0,53,0,12,0
id_1562,Ｎａｚｕｎａ京都　二条城別邸,京都市中京区油小路通二条上る薬屋町５８０番地１,中京区,簡易宿所,H28.2.4,35.0146534,135.7535286,0,13,0,36,0,19,0
id_1563,千代　白川青柳庵,京都市東山区新橋通大和大路東入林下町４５２番地３,東山区,簡易宿所,H30.10.1,35.0080112,135.78038,43,16,29,83,12,104,1
id_1564,簡易宿所　園,京都市右京区常盤草木町9-6,右京区,簡易宿所,S52.5.23,35.0213612,135.7036991,0,8,0,38,2,12,0
id_1565,ＳｐｉｃｙＨｅａｒｔ,京都市伏見区竹田西桶ノ井町１２５番地,伏見区,簡易宿所,H31.1.28,34.9543587,135.7557832,2,9,83,80,12,114,2
id_1566,こきんせ,京都市下京区西新屋敷中堂寺町６０番地２,下京区,簡易宿所,H29.5.30,34.9932299,135.7437835,10,2,2,62,4,21,0
id_1567,ＡＹＡ ＧＵＥＳＴ ＨＯＵＳＥ Ⅱ,京都市伏見区深草飯食町８２８番地２,伏見区,簡易宿所,R7.3.13,34.9550264,135.7694824,2,51,27,75,12,95,1
id_1568,,京都市東山区六波羅南通東入三盛町１７０番地３,東山区,施設外玄関帳場,,34.9987486,135.7719725,8,0,14,29,4,26,0
id_1569,ホテル　ザ　セレスティン京都園,京都市東山区大和大路通四条下る四丁目小松町５７２番地２,東山区,旅館・ホテル,H29.9.5,34.9985464,135.7737549,40,1,64,73,9,125,4
id_1570,鈴　梅小路,京都市南区梅小路通大宮東入古御旅町２２１番地１,南区,簡易宿所,H28.11.8,34.9851153,135.7499159,9,8,1,66,0,21,1
id_1571,ゲストハウス　ＣＬＯＵＤ９西ノ京,京都市中京区西ノ京右馬寮町１１番地９　２階,中京区,簡易宿所,H28.3.31,35.0144959,135.7367746,5,123,5,74,3,154,18
id_1572,京いすけ　百足屋町,京都市中京区新町通錦小路上る百足屋町３７８番地９,中京区,簡易宿所,H27.1.13,35.0057909,135.7571519,10,13,0,29,0,24,0
id_1573,美福ろうじ屋,京都市中京区西ノ京池ノ内町２２番地２６,中京区,簡易宿所,H28.7.19,35.0091652,135.7450367,7,123,8,74,3,143,1
id_1574,ラブインパートⅡ,京都市東山区広道通松原上ル四丁目毘沙門町４４番地２５,東山区,簡易宿所,H19.7.26,35.0006308,135.7770187,43,16,37,96,15,130,4
id_1575,銀の宿　上平野町　１０１,京都市下京区不明門通五条下る上平野町４５５番地６、４５５番地７西側,下京区,簡易宿所,R5.5.19,34.9955614,135.7604938,16,0,8,39,0,25,1
id_1576,曼　鴨川小舎　Ｔｈｅ Ｋａｍｏｇａｗａ Ｄｅｌｔａ,京都市左京区田中関田町２２番地１８,左京区,簡易宿所,H29.8.28,35.0292432,135.7748385,3,2,4,29,1,13,0
id_1577,ＮＡＺＵＮＡ　京都　椿通　ＴＡＫＥ－２３,京都市下京区高辻通大宮西入坊門町８３６番地２３,下京区,簡易宿所,R2.6.1,34.9994585,135.7485541,3,3,3,17,0,9,0
id_1578,季・針小路ａ,京都市南区西九条針小路町２９番地４，２９番地５　西側,南区,簡易宿所,R3.2.5,34.9827739,135.7509926,0,1,16,83,4,63,1
id_1579,Ｍｅｅｔ　稲荷別邸,京都市伏見区深草平田町３番地１６,伏見区,簡易宿所,R1.8.22,34.9683491,135.7666029,7,47,25,69,9,135,4
id_1580,マチヤド東山,京都市東山区六波羅裏門通東入多門町１５７番地１,東山区,簡易宿所,H29.9.22,34.9967712,135.7743547,32,0,0,68,0,45,7
id_1581,,京都市右京区太秦安井辰巳町１１番地２,右京区,施設外玄関帳場,,35.0144291,135.7227626,0,7,0,35,0,40,0
id_1582,風月軒,京都市南区上鳥羽堀子町６２番地,南区,簡易宿所,H30.6.28,34.9680261,135.7437785,27,7,22,55,3,61,0
id_1583,髙瀬川 京乃家　North,京都市下京区西木屋町通五条下る南京極町４８番地３,下京区,簡易宿所,H29.12.25,34.9946632,135.7667062,15,23,27,74,5,87,5
id_1584,ｋｏｍｏｒｅｂｉ,京都市中京区壬生相合町４番地９,中京区,簡易宿所,H30.10.25,34.9998323,135.7464156,0,6,0,69,1,12,5
id_1585,旅館　民宿ちとせ,京都市東山区中道八坂塔下ル上田町81番8,東山区,簡易宿所,H9.1.16,34.9987599,135.7779582,133,16,112,99,15,283,5
id_1586,美竹,京都市東山区下河原通八坂鳥居前下る下河原町４９９,東山区,旅館・ホテル,S42.5.17,35.001905,135.778704,8,0,7,26,4,23,1
id_1587,栞庵,京都市下京区鍵屋町通烏丸西入鍵屋町３３９番地,下京区,簡易宿所,H25.11.20,34.9949029,135.7590863,17,31,25,89,5,112,1
id_1588,Ｒｉｎｎ　Ｎｉｏｍｏｎ,京都市左京区仁王門通新高倉東入北門前町４７５番地１，４７５番地２,左京区,簡易宿所,R2.4.30,35.011736,135.7779489,0,6,7,47,0,33,3
id_1589,ＮＡＺＵＮＡ　京都　椿通　ＩＷＡ－１５,京都市下京区高辻通大宮西入坊門町８３６番地１５,下京区,簡易宿所,R2.3.31,34.9997326,135.7486772,30,47,12,62,0,90,0
id_1590,松春庵,京都市北区紫野上鳥田町３５番地１,北区,簡易宿所,H30.2.23,35.044231,135.752006,7,10,6,91,12,87,2
id_1591,京粋庵　東福寺,京都市東山区本町十五丁目２８３番地４,東山区,簡易宿所,R2.4.23,34.9793022,135.7701805,37,1,5,68,12,60,4
id_1592,二条　楓,京都市中京区壬生朱雀町１５番地１３,中京区,簡易宿所,H30.11.2,35.006818,135.7433275,10,82,28,106,3,130,7
id_1593,京蘭　詩月邸,京都市南区東九条中殿田町１３番地１８、１３番地１９,南区,簡易宿所,R6.4.12,34.9816171,135.7574151,3,2,3,27,2,37,0
id_1594,京の宿　月光庵,京都市中京区西ノ京西月光町１８番地２０,中京区,簡易宿所,R5.11.15,35.0094032,135.7371319,1,1,0,27,0,6,1
id_1595,福家・二条城,京都市中京区聚楽廻東町２４番地２１,中京区,簡易宿所,H29.3.31,35.0158235,135.7421991,45,7,6,89,7,80,13
id_1596,季楽　邸　清水,京都市東山区下河原通高台寺門前下河原町４６３番地３５,東山区,簡易宿所,R7.12.10,35.0001481,135.7800874,22,10,16,78,2,61,0
id_1597,御宿　つむぎ,京都市下京区中堂寺前田町２８番地１４,下京区,簡易宿所,H22.11.1,34.995743,135.7469,6,0,0,45,1,9,1
id_1598,豊極洪泰,京都市下京区東洞院通松原下る大江町５４５番地１４,下京区,簡易宿所,R7.8.5,34.9984682,135.7608617,1,0,5,22,0,10,0
id_1599,天然温泉　蓮花の湯　御宿　野乃　京都七条,京都市下京区七条通間之町東入材木町４９１番地,下京区,旅館・ホテル,R2.6.4,34.9886635,135.7623433,4,3,4,25,0,12,0
id_1600,京都駅前蘭鑫　Ｋｙｏｔｏ　Ｓｔａｔｉｏｎ　Ｌａｎｓｈｉｎ,京都市南区東九条中殿田町１３番地９,南区,簡易宿所,R1.8.30,34.981614,135.7575289,32,16,17,95,8,96,2
id_1601,奏　伏見稲荷　猪目邸　ＡＫＩ,京都市伏見区深草秡川町１１番地２６,伏見区,簡易宿所,R2.9.23,34.9669731,135.7698746,0,13,0,33,0,15,0
id_1602,,京都市南区西九条島町５３番地５,南区,施設外玄関帳場,,34.9789968,135.7530888,9,9,0,47,0,64,0
id_1603,杉・着物の宿,京都市下京区西木屋町通五条下る南京極町４８番地２,下京区,簡易宿所,R6.12.6,34.9947334,135.7665057,1,8,22,40,0,34,0
id_1604,ＫＡＢＩＮ　Ｋｏｊｉ,京都市下京区富小路通仏光寺下る筋屋町１５２番地,下京区,簡易宿所,R5.6.28,35.0003605,135.7646773,1,0,0,54,1,7,0
id_1605,樂安居　大黒町　藤,京都市下京区仏光寺通寺町西入大黒町２６６番地５,下京区,簡易宿所,R6.9.24,35.00166,135.7658427,3,4,1,25,0,10,0
id_1606,Ｒ　東九条　徹,京都市南区東九条西札辻󠄀町４０番地（東側）,南区,簡易宿所,R7.12.25,34.9764447,135.761496,15,9,9,70,4,43,1
id_1607,慶有魚　永松,京都市下京区河原町通松原上る清水町２９３番地７,下京区,簡易宿所,R2.11.20,34.9995962,135.7683358,0,0,4,25,0,5,0
id_1608,もみぢ家　別館　川の庵,京都市右京区梅ケ畑御経坂町32-1,右京区,旅館・ホテル,S51.10.29,35.0538867,135.6736106,43,35,9,76,3,112,4
id_1609,紅葉庵　東福寺,京都市東山区泉涌寺五葉ノ辻町７番地２０,東山区,簡易宿所,R6.1.29,34.9819252,135.7715651,1,1,10,35,4,16,0
id_1610,鈴　九条藤ノ木　中,京都市南区西九条藤ノ木町３７番地２,南区,簡易宿所,H30.9.3,34.9838493,135.7509047,3,7,2,61,4,101,0
id_1611,Le Studio 五条高倉,京都市下京区高倉通五条上る亀屋町１６５番地２、１６６番地２,下京区,簡易宿所,R4.10.24,34.9967747,135.762429,29,5,4,96,0,49,7
id_1612,京の町　飛鳥,京都市東山区大和大路通五条下る三丁目下棟梁町２１５番地４,東山区,簡易宿所,H28.11.4,34.9921524,135.7709911,5,11,27,71,12,70,1
id_1613,Ｋｙｏｔｏ　Ｔｏｆｕｋｕｊｉ　ｉｎｎ－Ｎｉｓｈｉｏｐａ　ｈｏｕｓｅ,京都市東山区本町十丁目１６１番地３,東山区,簡易宿所,H29.1.5,34.9841625,135.7701821,32,7,25,64,9,76,0
id_1614,ニュー山里,京都市東山区東大路松原上る四丁目毘沙門町46,東山区,旅館・ホテル,S45.5.11,34.9956275,135.7562552,20,5,12,50,1,44,0
id_1615,,京都市右京区京北比賀江町中西１２－２,右京区,施設外玄関帳場,,35.1831422,135.6663316,3,2,0,51,0,6,0
id_1616,京都園新橋庵,京都市東山区新橋通大和大路東入二丁目橋本町４０５番地１５,東山区,簡易宿所,H29.11.16,35.0054458,135.7756934,82,11,4,68,0,106,0
id_1617,京蘭　はやし邸　千里,京都市東山区耳塚通正面下る塗師屋町５９９番地（中央）,東山区,簡易宿所,R6.11.29,34.9907855,135.7700109,9,14,43,119,18,103,1
id_1618,楽宿　京都伏見Ⅰ,京都市伏見区深草鈴塚町３１番地９,伏見区,簡易宿所,R6.3.7,34.9700879,135.7679085,1,44,25,74,2,99,0
id_1619,雲・小杉,京都市下京区松原通堺町東入杉屋町２８２番地３,下京区,簡易宿所,H29.6.6,34.9990795,135.7633871,3,23,0,68,0,32,1
id_1620,Ｈｏｔｅｌ　Ｓｈｕｎ,京都市上京区大宮通寺之内上る三丁目北仲之町５２１番地,上京区,旅館・ホテル,R2.4.20,35.0361725,135.7490168,2,58,37,81,1,119,7
id_1621,東寺　あけぼの庵,京都市南区八条内田町２番地１,南区,簡易宿所,R3.5.26,34.9795877,135.7455004,0,1,7,65,2,17,1
id_1622,ことりや別館,京都市東山区三条通南裏白川筋西入三丁目南西海子町４２６－１６,東山区,簡易宿所,H22.11.8,35.0091359,135.7777132,5,2,4,24,4,19,0
id_1623,Ｃａｓａ　Ｖｉｏｌｅｔ　紫華庭,京都市南区東九条北松ノ木町３９番地２７,南区,簡易宿所,R5.5.1,34.9778845,135.7668735,0,1,1,71,0,46,1
id_1624,宿屋　七福ねこ,京都市中京区西ノ京永本町９番地１９,中京区,簡易宿所,R2.3.26,35.0121982,135.7387645,45,161,2,99,0,233,1
id_1625,ゲストハウス京,京都市東山区渋谷通東大路東入三丁目上馬町５４０番地,東山区,簡易宿所,R1.6.12,34.9917056,135.7787873,0,0,8,33,0,9,1
id_1626,,京都市東山区泉涌寺五葉ノ辻町４番地６,東山区,施設外玄関帳場,,34.9819613,135.7711773,37,2,22,78,12,95,4
id_1627,ベッセルホテルカンパーナ京都五条,京都市下京区東洞院通五条下る下万寿寺町４９８番地,下京区,旅館・ホテル,H27.8.25,34.9957946,135.761206,16,20,1,36,0,41,3
id_1628,宿や　陣,京都市下京区花屋町通西洞院東入西松屋町５７２番地,下京区,簡易宿所,R2.4.16,34.9926188,135.755745,13,0,22,55,0,66,3
id_1629,星屑　月雲閣,京都市東山区松原通広道東入北入月輪町９６番地９,東山区,簡易宿所,R1.7.1,34.9979797,135.7775852,7,2,5,29,0,15,1
id_1630,遊描ＧＯＪＯ,京都市下京区加茂川端六軒町下る八ツ柳町３５６番地１０,下京区,簡易宿所,H30.4.12,34.9932616,135.7670565,0,3,0,58,1,15,3
id_1631,宮鴨庵,京都市東山区宮川筋四条下る宮川筋六丁目３７０番地２，３７０番地９,東山区,簡易宿所,H28.10.12,34.9980568,135.7698809,37,2,5,83,15,71,1
id_1632,清水五条　Ｍｏｍｉｊｉ,京都市東山区大和大路通五条上る東入門脇町１８２－３,東山区,簡易宿所,H25.11.15,35.0012678,135.7692946,0,0,2,50,4,10,2
id_1633,一棟貸し旅館　月桃庵,京都市伏見区両替町十一丁目２４４番地（家屋番号１８番）,伏見区,簡易宿所,R7.9.22,34.9401712,135.764466,8,7,22,79,12,63,2
id_1634,ＭＯＤＩＳＨ　二条円町,京都市上京区下立売通御前通西入堀川町５２６番地,上京区,簡易宿所,R6.6.12,35.0210795,135.7334274,9,51,90,87,6,231,18
id_1635,白川コテージ,京都市東山区白川筋東川端三条下る梅宮町４７４番地４，４７４番地５，４７４番地６，４７４番地７,東山区,簡易宿所,H28.9.12,35.0081355,135.7808521,7,16,49,94,18,105,4
id_1636,ホテル嵐山,京都市西京区嵐山上河原町１番地３,西京区,簡易宿所,H27.10.30,35.0113107,135.6786343,3,17,2,37,2,61,1
id_1637,Ｋｙｏｔｏ　Ｙｏｋｏ＆Ａｋｉｒａ　Ｇｕｅｓｔｈｏｕｓｅ,京都市中京区聚楽廻東町８番地８,中京区,簡易宿所,H27.12.2,35.0177095,135.7424436,22,4,0,49,0,30,3
id_1638,ＧＯＺＡＮ,京都市東山区三条通大橋東入三町目３５番地７，３７番地４,東山区,旅館・ホテル,R3.3.12,35.0095391,135.775573,8,0,5,35,2,22,0
id_1639,京蘭　桔梗邸,京都市東山区大仏南門通大和大路東入三丁目本瓦町６６３番地２,東山区,簡易宿所,R7.3.5,34.9867893,135.7740232,11,3,46,93,2,84,1
id_1640,もみじ,京都市中京区壬生東大竹町２５番地７,中京区,簡易宿所,H28.6.24,35.006845,135.7351004,8,9,10,113,3,56,10
id_1641,Ｒｏｙｃｅ　Ｈａｎａｚｏｎｏ,京都市右京区太秦安井小山町１５番地６　１Ｆ,右京区,簡易宿所,H29.11.6,35.0195895,135.7203562,0,23,6,70,5,39,1
id_1642,荘庵,京都市下京区西七条南西野町４７番地,下京区,簡易宿所,H10.11.27,34.9890586,135.7343883,29,33,37,104,0,103,1
id_1643,翔龍庵,京都市南区唐橋羅城門町４番地１０,南区,簡易宿所,H31.1.11,34.9787642,135.7423293,3,0,2,55,0,38,0
id_1644,京宿家　清水りきゅう庵,京都市東山区松原通広道東入北入月輪町９６番地４,東山区,簡易宿所,R3.4.2,34.9978834,135.7777496,0,2,4,72,12,22,3
id_1645,佐々木,京都市東山区大和大路通四条下る四丁目小松町564,東山区,旅館・ホテル,S31.5.9,34.9970931,135.7764641,0,0,5,23,2,9,0
id_1646,ＡＲＥＸＩＡ　ＨＯＴＥＬ　Ｋｙｏｔｏ　Ｇｏｊｏ,京都市下京区東洞院通五条下る三丁目和泉町５３３番地,下京区,簡易宿所,H30.11.29,34.9877014,135.7553899,18,5,5,91,0,46,18
id_1647,宿ルＫＹＯＴＯ　ＨＡＮＡＲＥ　白瀧ノ宿,京都市下京区室町新町の間五条上る小田原町２２７番地２（南側）,下京区,簡易宿所,R6.7.2,34.9877014,135.7553899,0,12,5,26,0,18,1
id_1648,ホテル　エスノグラフィー　清水五条,京都市東山区馬町通妙法院北門前妙法院前側町４２４番地２,東山区,旅館・ホテル,R3.2.1,34.9918539,135.7741886,48,36,40,95,12,151,1
id_1649,京都南禅寺道　ＭＡＣＨＩＹＡＤＯ,京都市東山区三条通白川筋黒谷道西入柚之木町３５６番地　南側,東山区,簡易宿所,H31.2.14,34.9970931,135.7764641,6,16,37,77,12,76,4
id_1650,チサン　プレミアム　京都九条,京都市南区東九条上御霊町１５番地１,南区,簡易宿所,R4.7.20,34.9806432,135.7639317,19,2,14,89,4,53,2
id_1651,ＭＨ　ＨＯＵＳＥＳ　玉華苑/Ｓｅｃｒｅｔ ｇａｒｄｅｎ Ｋｙｏｔｏ,京都市伏見区肥後町３７５番地１３,伏見区,簡易宿所,H27.9.18,34.9360647,135.7613284,1,13,4,19,0,20,0
id_1652,Ａｎｇｅｌ’ｓ　Ｐａｔｈ　Ⅱ,京都市下京区東中筋通六条上る天使突抜四丁目４５９番地９,下京区,簡易宿所,H29.11.14,34.9877014,135.7553899,9,2,2,45,1,21,1
id_1653,ホテル　エムズイン東山,京都市東山区大和大路通四条下る四丁目小松町１５９番地,東山区,簡易宿所,H28.6.27,34.9970931,135.7764641,2,0,0,40,4,8,1
id_1654,ゲストハウス朝日,京都市中京区壬生賀陽御所町４２番地１１,中京区,簡易宿所,H30.2.23,35.0103167,135.7512979,2,17,1,54,1,27,0
id_1655,オトヤド　イクハ,京都市右京区太秦樋ノ内町１番地９,右京区,簡易宿所,H30.11.5,35.0101794,135.7159781,0,4,1,22,0,46,0
id_1656,たちばな庵　ｂｙ　宿ル　ＫＹＯＴＯ　ＨＡＮＡＲＥ,京都市上京区室町通下立売上る勘解由小路町148番地3,上京区,簡易宿所,H28.3.29,35.0294911,135.7565602,2,82,40,100,1,149,10
id_1657,朱雀　若草庵,京都市中京区西ノ京西月光町１８番地９,中京区,簡易宿所,H30.3.6,34.9903403,135.7569838,5,37,5,67,0,59,7
id_1658,立本寺　宿坊　四神閣,京都市上京区七本松通仁和寺街道上る一番町１０７番地立本寺内祖師堂,上京区,簡易宿所,R4.10.25,35.0294911,135.7565602,0,17,0,49,2,27,0
id_1659,ＮＡＺＵＮＡ　京都　椿通　ＭＩＺＵ－１,京都市下京区高辻通大宮西入坊門町８３６番地１,下京区,簡易宿所,R2.6.10,34.9877014,135.7553899,10,2,0,53,0,22,3
id_1660,Ｇｕｅｓｔ　Ｈｏｕｓｅ　Ｋｙｏｔｏ　２３５,京都市中京区新シ町通姉小路下る上一文字町３０１番地　２階,中京区,簡易宿所,H29.3.21,34.9881993,135.7501578,0,5,1,54,2,49,3
id_1661,京湯元　ハトヤ瑞鳳閣,京都市下京区西洞院通塩小路下る南不動堂町802,下京区,旅館・ホテル,H26.5.1,34.9868666,135.754975,21,27,20,62,2,73,1
id_1662,藤華,京都市下京区麩屋町通五条上る下鱗形町５４５番地,下京区,簡易宿所,H29.11.15,34.9877014,135.7553899,2,0,0,67,1,5,0
id_1663,Ｓｉｍｐｌｅ,京都市右京区太秦安井辰巳町１１番地,右京区,簡易宿所,H29.1.26,35.0101794,135.7159781,45,101,10,102,3,165,0
id_1664,東寺ハイムＡ,京都市南区西九条南田町１番地４，西九条菅田町１９番地１０東寺ハイム２階２０６号室,南区,簡易宿所,H29.3.29,34.976652,135.7464037,15,9,2,69,4,32,0
id_1665,謝　四季軒　夏,京都市南区西九条唐橋町３７番地（東側）,南区,簡易宿所,R2.4.10,34.976652,135.7464037,27,17,21,99,10,80,2
id_1666,紡　祇園白川,京都市東山区智恩院古門前大和大路東入四丁目石橋町３０２番地３,東山区,簡易宿所,R4.5.25,34.9970931,135.7764641,43,12,35,93,15,182,4
id_1667,京宿家　明倫こがね庵,京都市中京区蛸薬師通新町西入不動町１８０番地，１８２番地１,中京区,簡易宿所,H24.7.6,35.0103167,135.7512979,0,13,2,37,0,22,1
id_1668,日本私立学校振興・共済事業団京都宿泊所「白河院」,京都市左京区岡崎法勝寺町16,左京区,旅館・ホテル,S59.3.9,35.0485352,135.7783697,4,17,20,110,8,66,10
id_1669,光樹　Ｋｏｊｕ,京都市東山区東大路通松原上る三丁目下弁天町６１番地７,東山区,簡易宿所,R7.6.2,34.9970931,135.7764641,8,2,5,26,0,17,0
id_1670,京墅－櫻,京都市南区八条内田町６４番地６,南区,簡易宿所,R2.5.20,34.9861908,135.7601217,19,2,3,86,1,36,2
id_1671,花刻,京都市東山区大黒町通五条上る大黒町３０２番地１２,東山区,簡易宿所,R4.1.7,34.9906344,135.8103438,0,1,0,48,9,36,0
id_1672,ＣＯＴＯ京都東寺２,京都市南区西九条南田町４４番地６，４４番地７,南区,簡易宿所,H28.7.8,34.976652,135.7464037,5,16,18,105,6,50,4
id_1673,ＴＳＵＢＯＭＩ　Ｌｕｘｕｒｙ　Ｉｎｎ,京都市下京区下松屋町通松原下る二丁目下長福寺町２７８番地７，２７８番地,下京区,簡易宿所,H30.5.7,34.9877014,135.7553899,54,5,43,95,9,122,7
id_1674,京都漆楼わかさや　ｂｙ　宿ル　ＫＹＯＴＯ　ＨＡＮＡＲＥ,京都市左京区二条通川端東入上る新先斗町１１８番地１,左京区,簡易宿所,H30.3.22,35.0485352,135.7783697,24,2,2,78,6,48,7
id_1675,京の宿　奏,京都市下京区高辻通新町西入堀之内町２７９番地２，２７８番地４,下京区,簡易宿所,H28.7.25,34.9877014,135.7553899,19,29,4,76,3,66,7
id_1676,御宿　檸檬,京都市上京区仁和寺街道千本東入西富仲町６８５番地,上京区,簡易宿所,R5.9.25,35.0294911,135.7565602,4,23,0,41,2,43,0
id_1677,三井ガーデンホテル京都駅前,京都市下京区東洞院通七条下る東塩小路町８４８番地,下京区,旅館・ホテル,R1.8.14,34.9869004,135.7614113,0,9,5,22,0,18,0
id_1678,弥・縁（ＨＩＳＡＳＨＩ・ｙｕｋａｒｉ）,京都市下京区西酢屋町３番地１１,下京区,簡易宿所,R7.11.13,34.9877014,135.7553899,0,0,14,56,0,21,3
id_1679,二条舎,京都市中京区聚楽廻西町１６３番地６,中京区,簡易宿所,H30.1.16,35.0107789,135.7637102,8,13,1,34,0,23,0
id_1680,扇庵園白川,京都市東山区智恩院古門前通大和大路東入三丁目古西町３１９番地１５,東山区,簡易宿所,H27.11.24,35.0347631,135.7803898,6,2,29,75,1,48,4
id_1681,宿きらまち　Ｆ,京都市下京区綾小路通西洞院東入新釜座町７２２番地３,下京区,簡易宿所,H29.4.13,34.9877014,135.7553899,9,12,10,48,1,37,1
id_1682,京都ＡＳＡＨＩ藤森,京都市伏見区深草直違橋北一丁目４７７番地１０,伏見区,簡易宿所,R2.6.18,34.9360647,135.7613284,14,82,46,112,2,245,2
id_1683,待賢院,京都市上京区黒門通丸太町上る小伝馬町５３９番地,上京区,簡易宿所,R2.7.28,35.0294911,135.7565602,8,0,5,81,0,17,1
id_1684,京町　洛南,京都市南区八条寺内町２１番地４,南区,簡易宿所,H30.11.30,35.0733427,135.7563402,22,2,16,78,16,142,0
id_1685,アーバン樹下烏丸五条,京都市下京区東洞院通五条下る二丁目福島町５１２番地２，５１２番地３,下京区,簡易宿所,H30.8.9,34.9877014,135.7553899,1,4,0,26,0,10,1
id_1686,吉祥庵,京都市中京区黒門通六角下る上黒門町３７５番地１２,中京区,簡易宿所,H28.5.31,35.0103167,135.7512979,48,58,8,83,7,154,7
id_1687,みやぎ乃,京都市東山区祇園町南側570-1,東山区,旅館・ホテル,S30.2.17,34.9970931,135.7764641,57,2,32,94,15,172,13
id_1688,旅館　元奈古,京都市東山区高台寺北門前通下河原東入鷲尾町５１１番地,東山区,旅館・ホテル,H19.4.24,35.0037119,135.76876,32,1,2,67,0,44,0
id_1689,京のおおぞら　褒華　西邸,京都市下京区花屋町通西洞院東入西松屋町５６６番地,下京区,簡易宿所,H30.7.3,34.9877014,135.7553899,15,65,0,70,3,96,1
id_1690,宿きらまち　Ｃ,京都市下京区綾小路通西洞院東入新釜座町７２２番地６,下京区,簡易宿所,H29.3.16,34.9877014,135.7553899,24,25,97,93,7,163,7
id_1691,銀竹閣,京都市下京区新町通的場東入蛭子町１５７番地１３,下京区,簡易宿所,R7.12.4,35.0037193,135.7684127,6,0,22,37,0,31,0
id_1692,京蘭　悠然,京都市南区東九条南山王町４４番地２,南区,簡易宿所,R7.4.15,34.976652,135.7464037,10,9,1,57,0,25,1
id_1693,ＨＯＴＥＬ　ＬｉＶＥＭＡＸ　京都寺町通,京都市下京区寺町通高辻下る京極町４９４番地,下京区,旅館・ホテル,R1.9.19,34.9940166,135.7666313,0,0,0,55,0,1,0
id_1694,京宿　Ｕ,京都市北区紫野石龍町４２番地,北区,簡易宿所,R5.11.28,35.0409797,135.7541379,1,2,1,28,2,34,1
id_1695,零　ＩＮＮ　梅小路,京都市下京区夷馬場町２０番地５,下京区,簡易宿所,R6.6.24,34.9877014,135.7553899,7,0,2,48,1,17,3
id_1696,霓之元,京都市中京区壬生坊城町８番地５６,中京区,簡易宿所,R1.11.27,35.0481875,135.7665511,17,5,1,25,0,24,0
id_1697,Ｗｕｚ　Ｍａｒｕｔａｍａｃｈｉ,京都市中京区竹屋町通新町東入相生町２８６番地,中京区,簡易宿所,R2.4.9,35.0103167,135.7512979,0,5,1,23,0,8,0
id_1698,烏丸御池　胡桃,京都市中京区油小路通姉小路上る式阿弥町１１８番地１,中京区,簡易宿所,H30.8.31,34.9208813,135.7691636,8,13,2,26,0,24,1
id_1699,Len,京都市下京区寺町通松原下る植松町709番地3，710番地3,下京区,簡易宿所,H27.3.2,34.9877014,135.7553899,30,43,6,116,3,107,25
id_1700,たそかれ,京都市下京区堺町通高辻下る夕顔町４７７番地３,下京区,簡易宿所,R2.6.8,34.9877014,135.7553899,12,20,22,68,0,71,1
id_1701,瑞庵,京都市南区西九条蔵王町３９番地６,南区,簡易宿所,H29.8.22,34.976652,135.7464037,35,16,23,105,8,89,2
id_1702,,京都市西京区松室追上ゲ町２２番地１,西京区,施設外玄関帳場,,34.9850637,135.693201,0,28,4,64,4,54,2
id_1703,小川ゲストハウス,京都市伏見区深草直違橋二丁目４４７番地７,伏見区,簡易宿所,H30.12.27,34.9360647,135.7613284,3,0,10,43,4,39,1
id_1704,Ｋ’ｓ　Ｖｉｌｌａ　鴨川庵,京都市下京区二ノ宮町通正面下る上二之宮町４１２番地,下京区,簡易宿所,R1.12.13,34.9877014,135.7553899,43,21,22,58,0,87,0
id_1705,Ｋｙｏｔｏ　Ｅａｒｔｈ,京都市上京区中町通丸太町下る駒之町５４１番地,上京区,簡易宿所,R2.3.31,35.017165,135.7697813,0,3,14,58,0,42,0
id_1706,Ｐｒｉｖａｔｅ　Ｖｉｌｌａ　Ｔｏｆｕｋｕｊｉ,京都市東山区福稲柿本町１７番地１１,東山区,簡易宿所,R6.1.29,34.9970931,135.7764641,1,0,1,27,2,11,1
id_1707,鈴　花屋町　朝霧８,京都市下京区二人司町６番地４,下京区,簡易宿所,H31.4.24,34.9877014,135.7553899,17,3,4,79,7,53,7
id_1708,葛の木　清水,京都市東山区高台寺南門通下河原東入桝屋町３５０番地２,東山区,簡易宿所,R6.12.17,34.9984125,135.7833048,0,3,7,32,4,19,0
id_1709,籠　ｒｏｕ,京都市南区東九条西札辻町３３番地,南区,簡易宿所,R2.3.4,34.976652,135.7464037,18,2,16,69,6,43,0
id_1710,,京都市南区東九条宇賀辺町４４番地２,南区,施設外玄関帳場,,34.976652,135.7464037,18,29,17,71,4,81,2
id_1711,ダイヤモンド京都ソサエティ,京都市中京区中筋通竹屋町上ル末丸町５４１－２９,中京区,旅館・ホテル,H15.8.25,35.0103167,135.7512979,10,10,2,32,1,32,4
id_1712,鈴　プレミアム　飛雲Ⅲ,京都市下京区北小路通新町西入井筒町６５４番地（北から３軒目）,下京区,簡易宿所,R2.6.30,34.9877014,135.7553899,0,9,1,25,0,13,0
id_1713,香柏　丹波口,京都市中京区壬生下溝町２３番地１７,中京区,簡易宿所,R1.6.20,34.9930346,135.7514143,7,8,20,85,3,54,7
id_1714,ゲストハウスＹＡＨＡＴＡ,京都市下京区西洞院五条上ル八幡町５４４,下京区,簡易宿所,H19.8.2,34.9877014,135.7553899,1,15,16,61,1,42,0
id_1715,桃李さくら庵１,京都市下京区梅小路東中町５９番地，６０番地１　１階,下京区,簡易宿所,R4.1.17,34.9877014,135.7553899,0,0,5,24,0,6,0
id_1716,京の宿　東屋,京都市中京区西ノ京職司町４７番地　（家屋番号１９番）,中京区,簡易宿所,R6.7.26,34.9684803,135.8265259,57,66,2,102,3,152,10
id_1717,住　京都小川生薬　Ｖｉｌｌａ,京都市中京区油小路通押小路上る二条油小路町２７２番地,中京区,簡易宿所,R6.3.27,35.0103167,135.7512979,13,0,1,19,0,16,0
id_1718,あらか嵐山渡月邸　北棟,京都市西京区嵐山中尾下町１４番地４　国有地,西京区,簡易宿所,R1.8.26,34.9850637,135.693201,23,54,6,79,2,93,3
id_1719,壬生宿　沖田,京都市下京区西酢屋町２番地（家屋番号２４東側２Ｆ）,下京区,簡易宿所,R3.8.16,34.9877014,135.7553899,29,37,37,113,4,135,25
id_1720,倭乃里　京都　ミュゼ,京都市東山区大黒町通松原下る一丁目北御門町２７６番地,東山区,旅館・ホテル,R1.8.23,34.9970931,135.7764641,12,1,10,39,2,32,1
id_1721,プライベートレジデンス　京都　さくら,京都市下京区正面通木屋町東入北側鍵屋町３９１番地５,下京区,簡易宿所,H31.2.20,34.9877014,135.7553899,1,1,0,32,0,6,4
id_1722,Ｓｔａｙ　ＳＡＫＵＲＡ　Ｋｙｏｔｏ　二条離宮,京都市中京区西洞院通二条下る二条西洞院町６４６番地３,中京区,簡易宿所,H30.6.22,35.0091729,135.7553597,1,1,1,29,0,4,1
id_1723,我学庵,京都市下京区楊梅通新町東入る上柳町２２３－１３,下京区,簡易宿所,H23.2.25,35.0555475,135.8004034,8,8,1,48,1,25,0
id_1724,蛮子民宿　大本家,京都市下京区松原通堀川西入来迎堂町７１８番地１，７１８番地２，７１８番地３,下京区,簡易宿所,H30.10.12,34.9877014,135.7553899,0,0,5,30,0,5,0
id_1725,ホテル　アップル,京都市西京区大枝沓掛町22-1,西京区,旅館・ホテル,S60.2.8,34.9850637,135.693201,1,6,1,79,9,53,7
id_1726,ゲストイン花,京都市南区東九条柳下町１６番地１５,南区,簡易宿所,H30.7.30,34.976652,135.7464037,3,0,0,22,1,6,0
id_1727,京安　Ⅰ,京都市南区東九条上御霊町３２番地１，５８番地３　１階,南区,簡易宿所,H31.3.25,35.0545743,135.7408489,3,7,11,55,0,58,1
id_1728,粟田庵,京都市東山区粟田口鍛冶町５－６,東山区,簡易宿所,H27.3.27,35.0128812,135.7835478,67,15,43,100,2,142,13
id_1729,京都町家　お宿　風蘭公,京都市中京区小川通二条下る古城町３５６番地,中京区,簡易宿所,R2.12.18,35.0103167,135.7512979,141,47,1,82,9,219,1
id_1730,蛮子民宿　源,京都市南区八条源町３１番地,南区,簡易宿所,H31.4.25,34.976652,135.7464037,3,9,13,77,6,38,0
id_1731,三条御陵　梅ノ戸庵,京都市山科区御陵大津畑町５３番地７,山科区,簡易宿所,H28.12.28,34.9723125,135.8136133,3,9,0,39,0,15,0
id_1732,曼　東福寺壱　ＩＣＨＩ,京都市東山区福稲御所ノ内町７番地１８,東山区,簡易宿所,H30.4.20,34.9970931,135.7764641,32,25,22,72,9,90,1
id_1733,京町家ゑびす,京都市東山区新道通団栗下る二丁目下柳町１７７番地５，１７７番地６,東山区,簡易宿所,H29.11.28,34.9970931,135.7764641,0,8,16,58,1,34,7
id_1734,聚楽の家,京都市北区紫野北舟岡町２４番地２６,北区,簡易宿所,H28.3.22,35.0409797,135.7541379,3,5,0,55,1,55,0
id_1735,天佑,京都市東山区大和大路通四条下る四丁目小松町５６２番地６，５６２番地７,東山区,簡易宿所,R1.10.8,34.9861909,135.7600629,8,2,0,31,0,10,0
id_1736,ＫＹＯＹＡ,京都市東山区松原通大和大路東入弓矢町５０番地２,東山区,簡易宿所,R2.2.3,35.0280943,135.7918268,7,16,35,107,12,99,4
id_1737,慈照庵,京都市左京区浄土寺西田町７２番地３,左京区,簡易宿所,H29.12.25,35.0485352,135.7783697,13,16,1,60,3,125,3
id_1738,Ｓｅｉｇａｋｅｎ（京町家誠雅軒）,京都市中京区壬生高樋町４番地２,中京区,簡易宿所,R7.1.16,35.0103167,135.7512979,8,10,2,32,0,27,1
id_1739,祇園金瓢,京都市東山区智恩院古門前通大和大路東入二丁目三吉町３３５番地１,東山区,簡易宿所,H29.2.13,35.0302915,135.7593083,16,4,16,55,4,56,2
id_1740,ＢＡＳＥ　ＩＮ　ＫＹＯＴＯ＊花園,京都市右京区花園伊町４７番地５,右京区,簡易宿所,R2.1.23,35.0101794,135.7159781,57,15,0,52,1,103,1
id_1741,ＪＰＲＥＳＥＲＶＥ　西岩本町,京都市南区東九条西岩本町１６番地１,南区,簡易宿所,R6.6.17,34.976652,135.7464037,21,14,21,103,8,109,2
id_1742,木下,京都市下京区木屋町通松原下る材木町４３６番地２,下京区,簡易宿所,H28.10.11,34.9861908,135.7601217,62,4,29,75,0,105,7
id_1743,鈴　プレミアム　薫風,京都市下京区油小路通花屋町下る仏具屋町２２２番地１,下京区,簡易宿所,H30.7.24,34.9877014,135.7553899,19,5,25,82,3,71,1
id_1744,五条庵,京都市下京区東洞院通五条下る三丁目和泉町５４１番地２,下京区,簡易宿所,H30.5.30,34.9934699,135.7139887,0,3,0,18,0,7,1
id_1745,Ｋｙｏｔｏ　Ｍａｃｈｉｙａ　Ｇａｒａｋｕ－ａｎ（京町家　雅洛庵）,京都市南区西九条池ノ内町９４番地１,南区,簡易宿所,R5.4.5,34.976652,135.7464037,9,7,0,54,0,46,0
id_1746,旅館　こうろ,京都市中京区六角通高倉東入堀之上町114,中京区,旅館・ホテル,S57.4.6,35.0103167,135.7512979,0,4,4,53,0,27,3
id_1747,京町家　吉敦世　梅小路,京都市下京区朱雀内畑町２５番地,下京区,簡易宿所,H29.6.29,35.005705,135.758191,3,3,0,22,0,6,0
id_1748,まつい別邸　二条城西,京都市中京区聚楽廻中町５２番地１０,中京区,簡易宿所,H28.9.21,35.0103167,135.7512979,0,0,6,35,0,15,1
id_1749,お茶屋蓮,京都市下京区三ノ宮町通上ノ口上る岩滝町２３１番地,下京区,簡易宿所,H30.8.2,34.9918157,135.7525468,24,29,35,88,3,104,1
id_1750,Ｔｈｅ別荘　そそ　参,京都市下京区河原町通上枳殻馬場上る若宮町４６５番地８,下京区,簡易宿所,H29.1.11,34.9877014,135.7553899,11,4,0,32,0,19,1
id_1751,ＦＵＮ　ＨＯＵＳＥ　桂川,京都市南区久世川原町２００番地２０,南区,簡易宿所,H28.11.16,34.976652,135.7464037,43,0,13,55,4,76,3
id_1752,ＨＯＴＥＬ　ＭＡＴＥＲＩＡＬ,京都市東山区三条通白川橋東入四丁目中之町２１０番地４,東山区,旅館・ホテル,R1.7.1,35.0096498,135.7845881,10,4,8,35,9,34,1
id_1753,桜東寺ゲストハウス,京都市南区西九条大国町５５番地７,南区,簡易宿所,H29.8.23,34.976652,135.7464037,3,1,0,17,1,14,0
id_1754,ＨＯＴＥＬ　ＡＲＲＯＷＳ　ＡＲＡＳＨＩＹＡＭＡ,京都市右京区梅津中倉町１８番地，１８番地６，１８番地７１８番地８，１８番地９,右京区,旅館・ホテル,R1.9.20,35.0101794,135.7159781,10,0,0,34,0,28,0
id_1755,樹樹ホテル　三条高倉,京都市中京区高倉通姉小路下る東片町６１８番地,中京区,簡易宿所,R3.3.30,35.0103167,135.7512979,67,13,2,111,3,93,7
id_1756,八重家　京都駅前,京都市南区東九条南山王町２２番地３,南区,簡易宿所,H30.5.2,34.9925574,135.7644819,24,15,2,88,8,65,2
id_1757,Ｔｈｅ　禅　ＳＰＡ　Ｋｙｏｔｏ　Ｓｕｉｔｅ,京都市下京区七条通間之町東入材木町４５４番地３,下京区,旅館・ホテル,R7.3.17,34.9877014,135.7553899,24,43,7,96,9,92,1
id_1758,青龍邸,京都市上京区笹屋町通千本西入笹屋四丁目２８４番地、２８３番地,上京区,簡易宿所,R7.4.30,35.0107789,135.7637102,0,73,22,65,0,108,3
id_1759,春生社,京都市南区東九条東御霊町１番地４６,南区,簡易宿所,R2.10.22,35.0544193,135.7523315,1,2,0,28,1,5,0
id_1760,旅館　高雄観光ホテル,京都市右京区梅ケ畑高雄町5,右京区,旅館・ホテル,S53.11.29,35.0101794,135.7159781,29,0,1,70,2,46,1
id_1761,ホテル松竹雲,京都市下京区烏丸通松原上る東側因幡堂町６９１番地,下京区,簡易宿所,R1.5.14,35.003923,135.7544021,12,2,58,64,0,88,5
id_1762,慶有魚・知恩,京都市東山区粟田口三条坊町１６番地５,東山区,簡易宿所,R2.3.17,35.0107789,135.7637102,43,11,32,95,15,118,1
id_1763,ゲストハウス　トゥ・カサ,京都市東山区宮川筋四条下る宮川筋八丁目４１４番地４,東山区,簡易宿所,H27.5.28,34.9970931,135.7764641,8,0,0,30,0,11,0
id_1764,Ｌａ　Ｖｉｏｌａ,京都市下京区大宮通高辻下る高辻大宮町１３８番地,下京区,簡易宿所,R1.8.9,34.9877014,135.7553899,3,12,18,54,0,50,3
id_1765,東福寺　通天庵　本館,京都市東山区福稲御所ノ内町２２番地３０、２２番地１３,東山区,簡易宿所,R5.9.4,35.0037162,135.7696096,0,2,5,28,0,14,1
id_1766,ロカンダ京都・四条大宮,京都市中京区壬生賀陽御所町６１番地４,中京区,簡易宿所,H30.4.10,35.0103167,135.7512979,2,3,0,51,1,22,0
id_1767,ｈｏｔｅｌ　Ｂｅｌｌ・Ｋｙｏｔｏ,京都市下京区東洞院通花屋町下る富田町３７０番地,下京区,旅館・ホテル,R5.9.15,34.973633,135.7612792,24,75,37,89,3,146,7
id_1768,一条庵,京都市上京区千本通一条下る西側西中筋町１９番地２６,上京区,簡易宿所,R5.12.21,35.0733427,135.7563402,0,23,0,63,3,61,3
id_1769,夏嵐・賀陽御所,京都市中京区壬生賀陽御所町２４番地,中京区,簡易宿所,R2.9.11,35.0038378,135.7385441,22,3,0,54,1,36,3
id_1770,京一軒町家　さと居　七条壬生　香雪　東雲,京都市下京区西酢屋町２番地（家屋番号２７番西側）,下京区,簡易宿所,H31.3.13,34.9877014,135.7553899,8,2,14,53,0,37,8
id_1771,Ｋｙｏｔｏ　Ｍａｃｈｉｙａ　福音　「胡弓」,京都市中京区六角通新町西入西六角町１０５番地３（東から２軒目）,中京区,簡易宿所,H29.7.24,34.9943674,135.757653,20,37,1,50,0,60,0
id_1772,ホテルドーリア烏丸五条,京都市下京区室町と新町の間五条上る小田原町２４０番地,下京区,簡易宿所,R6.10.10,34.9877014,135.7553899,21,5,83,95,0,129,18
id_1773,清閑寺池田倶楽部,京都市東山区清閑寺池田町３５番地２,東山区,簡易宿所,R2.2.26,35.0109804,135.7694346,9,16,43,90,15,93,10
id_1774,零　ＩＮＮ　四季,京都市下京区中堂寺藪ノ内町２２番地２,下京区,簡易宿所,H30.7.20,34.9877014,135.7553899,29,43,35,113,9,137,18
id_1775,竹のお宿,京都市東山区宮川筋六丁目３７３番地,東山区,簡易宿所,R6.10.28,34.9970931,135.7764641,45,15,5,98,2,71,1
id_1776,布屋,京都市上京区油小路通丸太町上ル米屋町２８１,上京区,簡易宿所,H23.7.12,34.9861908,135.7601217,0,0,0,49,0,18,1
id_1777,K's home Sanjusangendo,京都市東山区本町八丁目７６番地１１,東山区,簡易宿所,H29.6.26,34.9970931,135.7764641,6,10,25,88,12,59,0
id_1778,ＨＯＴＥＬ　ＬＥＧＡＳＴＡ京都白川三条,京都市東山区三条通南裏二筋目白川筋西入堤町５０５番地,東山区,簡易宿所,R5.3.13,34.9970931,135.7764641,3,6,2,55,0,29,3
id_1779,禿庵,京都市東山区清水四丁目197-3,東山区,簡易宿所,H18.1.6,35.0733427,135.7563402,35,0,7,44,4,52,1
id_1780,ホテル然,京都市中京区六角通新町西入ル西六角町１０７番地,中京区,旅館・ホテル,R7.9.26,35.0103167,135.7512979,6,142,21,81,0,198,7
id_1781,遊描ＫＩＹＯＭＩＺＵ,京都市下京区加茂川端六軒町下る八ツ柳町３５６番地１０,下京区,簡易宿所,H30.4.12,34.9877014,135.7553899,0,0,10,18,0,12,0
id_1782,旅館　京の宿　るり渓,京都市東山区大和大路通四条下る三丁目博多町112-3,東山区,旅館・ホテル,S61.9.10,34.9970931,135.7764641,7,2,5,91,30,50,1
id_1783,山志多,京都市東山区祇園町南側501-3,東山区,旅館・ホテル,S47.4.12,34.932067,135.7792257,22,6,14,67,9,65,0
id_1784,宮崎屋　北山はなれ,京都市北区紫竹東高縄町６０番地２、６０番地３,北区,簡易宿所,R6.10.21,35.0409797,135.7541379,6,2,1,74,1,44,1
id_1785,Ｋｉｙｏｉｃｈｏ　Ｔｉａｎ’ｓ　Ｈｏｕｓｅ　小田家,京都市東山区八坂鳥居前南入清井町４９３番地８,東山区,簡易宿所,H30.6.5,34.9970931,135.7764641,34,12,27,86,22,113,4
id_1786,ＫＡＧＵＹＡ,京都市下京区新町通高辻下る御影町４４６番地,下京区,簡易宿所,R2.11.10,35.0422281,135.7947649,5,27,32,83,7,105,7
id_1787,大和大路 Ｖｉｅｗ Ｓｅｖｅｎ,京都市東山区大和大路通正面下る大和大路一丁目５３３番地８,東山区,簡易宿所,H28.10.26,34.9970931,135.7764641,37,10,25,75,2,92,10
id_1788,,京都市東山区泉涌寺五葉ノ辻町１３－１２,東山区,施設外玄関帳場,,34.9970931,135.7764641,34,10,27,61,1,74,1
id_1789,どうだん,京都市中京区壬生東大竹町２５番地６,中京区,簡易宿所,H28.6.24,35.0103167,135.7512979,13,8,0,26,0,26,1
id_1790,コンフォートイン京都四条烏丸,京都市中京区錦小路通室町西入天神山町２８４番地１,中京区,旅館・ホテル,R3.5.13,35.0103167,135.7512979,57,41,1,66,2,106,3
id_1791,都市型コテージ京都,京都市上京区智恵光院通笹屋町下る橘町621番地林ビル4Ｆ,上京区,簡易宿所,H27.2.12,35.0294911,135.7565602,0,0,0,29,1,33,0
id_1792,鈴　清水ヴィラ,京都市東山区大和大路通五条上る山崎町３８３番地６,東山区,簡易宿所,H28.7.21,34.9956504,135.7721099,45,2,35,83,12,106,10
id_1793,京蘭－余花邸,京都市南区東九条明田町４１番地９,南区,簡易宿所,R5.1.30,35.016859,135.764463,15,6,12,65,1,41,0
id_1794,京の宿　鴨川庵　日輪,京都市下京区加茂川端上ノ口下る菊屋町３７３番地,下京区,簡易宿所,H29.9.21,34.9877014,135.7553899,2,21,5,69,2,33,0
id_1795,千鶴庵（ちづるあん）,京都市中京区壬生森町６１番地１,中京区,簡易宿所,H31.2.18,35.0103167,135.7512979,7,1,1,23,0,9,0
id_1796,楽宿　東九条,京都市南区東九条西岩本町３番地１２,南区,簡易宿所,R7.8.28,34.976652,135.7464037,9,2,0,23,0,14,0
id_1797,長閑庵,京都市東山区三条通南裏白川筋西入三丁目南西海子町４２９番地４,東山区,簡易宿所,H28.7.12,35.0037119,135.76876,37,13,29,80,12,99,7
id_1798,花鏡,京都市上京区六軒町通五上る末広町１４番地１,上京区,簡易宿所,R2.12.23,34.9861909,135.7600629,0,0,0,27,1,2,0
id_1799,Ｓａｉｉｎ　Ｈｏｕｓｅ,京都市右京区西院寿町３２番地５,右京区,簡易宿所,H30.8.15,35.0101794,135.7159781,0,0,1,27,0,19,0
id_1800,旅館　洛頂,京都市左京区下鴨東半木町67,左京区,旅館・ホテル,S37.9.24,35.0295572,135.7491802,2,0,0,21,1,7,0
id_1801,京町家ゲストハウス　かみわたり,京都市上京区新町通今出川下る徳大寺殿町３６１番地２,上京区,簡易宿所,H28.9.13,35.0294911,135.7565602,11,66,49,106,6,144,10
id_1802,雪月花,京都市東山区新門前通大和大路東入四丁目松原町２７２番地,東山区,簡易宿所,H27.9.24,34.9970931,135.7764641,48,27,30,87,15,126,4
id_1803,Ｔｓｕｋｉｎｏｗａｃｈｏ　Ｈｏｕｓｅ,京都市東山区東大路松原上る東入月輪町９５番地８,東山区,簡易宿所,H29.8.14,34.9970931,135.7764641,20,0,0,45,4,36,2
id_1804,京洋亭,京都市南区東九条東御霊町１７番地３、１７番地４,南区,簡易宿所,R6.2.21,34.976652,135.7464037,8,0,4,49,5,26,0
id_1805,ＡＫＩＹＡＢＡＮＫ　ＫＹＯＴＯ　ＨＯＳＴＥＬ,京都市南区東九条中御霊町４３番地２,南区,旅館・ホテル,R5.7.12,34.976652,135.7464037,0,4,1,46,2,37,0
id_1806,ロテルド比叡,京都市左京区一乗寺病ダレ１番地,左京区,旅館・ホテル,H11.4.23,35.0538727,135.8329662,51,15,18,85,4,108,1
id_1807,キンタ,京都市左京区浄土寺西田町１１５番地４,左京区,簡易宿所,H29.12.26,35.0485352,135.7783697,3,2,0,66,1,18,7
id_1808,京の宿　ちとせ,京都市東山区大和大路通四条下る四丁目小松町564-7,東山区,旅館・ホテル,S53.2.23,34.9970931,135.7764641,8,8,22,29,9,51,0
id_1809,ＫＡＢＩＮ　Ｋｙｏｔｏ,京都市下京区富小路通高辻下る恵美須屋町１８０番地１,下京区,旅館・ホテル,R5.6.28,34.9996615,135.7645426,14,1,1,33,0,22,0
id_1810,ＨＡＮＡＲＥ　高瀬川,京都市下京区西木屋町通松原上る三丁目市之町２６０番地１１,下京区,簡易宿所,R7.6.13,34.9877014,135.7553899,3,1,0,24,0,6,1
id_1811,大谷,京都市東山区東大路通松原上る三丁目下弁天町,東山区,旅館・ホテル,S53.2.23,35.003836,135.7746163,43,10,29,74,22,122,4
id_1812,ペンション　ＫＯＴＯ,京都市南区久世川原町132,南区,簡易宿所,S58.9.22,34.9697281,135.7683285,24,13,16,93,1,117,2
id_1813,京都駅　ゲストハウス道,京都市南区東九条南山王町２８番地２,南区,簡易宿所,H30.7.20,34.976652,135.7464037,0,0,6,41,0,17,0
id_1814,心の郷・瞳,京都市伏見区深草秡川町２５番地６,伏見区,簡易宿所,R1.8.27,34.9360647,135.7613284,1,5,0,17,0,17,0
id_1815,Ｍｉｎｎ　清水五条,京都市東山区五条橋東四丁目４３２番地６,東山区,簡易宿所,R5.10.26,34.9970931,135.7764641,1,0,0,25,0,7,0
id_1816,白梅,京都市東山区八坂新地末吉町７８番地６,東山区,旅館・ホテル,H16.12.6,35.0107789,135.7637102,67,2,6,109,2,95,1
id_1817,バックパッカーズ　ホステルケイズ　ハウス京都,"京都市下京区土手町七条上る納屋町418,420-1,423-7,140-6",下京区,簡易宿所,H15.10.28,34.9877014,135.7553899,1,10,0,48,0,14,1
id_1818,げすとはうす京都駅前町家,京都市下京区若宮通正面下る鍵屋町６４３番地２,下京区,簡易宿所,H29.10.11,35.017247,135.7482517,22,23,37,81,3,86,1
id_1819,長越,京都市上京区上長者町通浄福寺西入新柳馬場頭町５２５番地,上京区,簡易宿所,R2.1.29,35.0294911,135.7565602,0,0,4,64,12,55,7
id_1820,Ｍａｒｕｔａ　Ｌｏｄｇｅ,京都市左京区丸太町通川端東入東丸太町１４番地５,左京区,簡易宿所,H29.11.8,35.0485352,135.7783697,0,1,8,50,0,20,0
id_1821,,京都市山科区竹鼻外田町１５番地２,山科区,施設外玄関帳場,,34.9723125,135.8136133,0,8,9,32,0,17,0
id_1822,アパホテル〈京都祇園〉ＥＸＣＥＬＬＥＮＴ,京都市東山区祇園町南側５５５番地,東山区,旅館・ホテル,H12.6.30,34.9970931,135.7764641,8,0,0,31,2,14,0
id_1823,永巧舎三号館,京都市中京区壬生西大竹町２４番地,中京区,簡易宿所,H28.10.13,35.0103167,135.7512979,34,44,1,79,2,112,7
id_1824,遥,京都市南区東九条柳下町５１番地１８,南区,簡易宿所,R1.7.12,34.976652,135.7464037,22,34,16,91,16,95,2
id_1825,Ｓｔａｙ ＳＡＫＵＲＡ Ｋｙｏｔｏ　東寺南Ⅱ,京都市南区西九条大国町５番地５　１階,南区,簡易宿所,R2.6.1,34.976652,135.7464037,18,10,13,71,0,123,0
id_1826,都憶,京都市東山区一橋野本町９４番地４４,東山区,簡易宿所,R7.1.20,34.9861909,135.7600629,22,1,25,61,1,49,0
id_1827,ワシントンＲ＆Ｂホテル京都駅八条口,京都市南区東九条上殿田町４１番地１,南区,旅館・ホテル,H13.3.28,34.976652,135.7464037,0,0,0,24,1,10,0
id_1828,ＮＯＨＧＡ ＨＯＴＥＬ ＫＩＹＯＭＩＺＵ ＫＹＯＴＯ,京都市東山区五条橋東四丁目４５０番地１,東山区,旅館・ホテル,R4.2.22,34.9953461,135.7741783,8,45,6,114,15,79,1
id_1829,,京都市下京区中堂寺前田町１３番地１９,下京区,施設外玄関帳場,,34.9877014,135.7553899,25,5,27,79,3,67,1
id_1830,ホテル・アンドルームス京都七条,京都市下京区七条通新町東入夷之町７３０番地,下京区,旅館・ホテル,R3.4.21,34.9877014,135.7553899,16,27,31,48,1,80,1
id_1831,ＭＵＳＵＢＩ　ＨＯＴＥＬ　京都四条大宮,京都市中京区新シ町通錦小路下る藤岡町４９３番地,中京区,簡易宿所,R5.3.30,35.0103167,135.7512979,57,58,23,101,9,163,1
id_1832,弘徽殿の南邸,京都市上京区東神明町２９７－６,上京区,簡易宿所,H24.8.30,35.0294911,135.7565602,7,7,27,70,4,51,5
id_1833,ＹＡＤＯ　ＴＥＮＫＵ　ＫＹＯＴＯ　ＮＩＪＯ,京都市中京区聚楽廻東町２４番地１３，２４番地１４，２４番地１５,中京区,簡易宿所,R3.6.25,35.015792,135.742055,63,37,11,69,0,120,7
id_1834,,京都市下京区仏光寺下る和泉屋町１６２番地　雪月花４０５号室,下京区,施設外玄関帳場,,34.9877014,135.7553899,21,4,83,88,0,134,7
id_1835,Ｋ‐ｓｔｙｌｅ御所西,京都市上京区中立売通烏丸西入東町４７５番地,上京区,簡易宿所,R2.2.18,35.0294911,135.7565602,32,70,32,90,6,145,1
id_1836,京町家貸切宿　高瀬川七条,京都市下京区三ノ宮町通正面下る上三之宮町２７９番地,下京区,簡易宿所,H29.8.8,34.9877014,135.7553899,40,3,25,85,0,112,18
id_1837,つき草庵,京都市東山区新宮川町通松原下る西御門町４４０番地８,東山区,簡易宿所,H27.9.9,34.9970931,135.7764641,7,0,1,30,0,9,1
id_1838,鈴　九条藤ノ木　西,京都市南区西九条藤ノ木町３７番地,南区,簡易宿所,H28.8.8,34.9838435,135.7508961,1,5,5,41,0,48,1
id_1839,谷町君　星屋　秋の家,京都市中京区大宮通蛸薬師下る四坊大宮町１８４番地３,中京区,簡易宿所,R2.5.19,35.0103167,135.7512979,48,62,11,113,0,143,10
id_1840,ＨＯＴＥＬ　ＫＹＯＴＯＬＯＧＹ,京都市東山区大仏南門通大和大路東入三丁目本瓦町６７２番地６,東山区,簡易宿所,R2.1.10,34.986861,135.77326,30,3,0,39,0,54,1
id_1841,Ｐｌｅａｓａｎｔ,京都市右京区太秦安井辰巳町１１番地１（家屋番号３５番）,右京区,簡易宿所,R1.5.17,35.0101794,135.7159781,51,13,3,44,1,179,0
id_1842,,京都市東山区古門前通大和大路東入る四丁目石橋町３０７番地１０　地下１階,東山区,施設外玄関帳場,,34.9970931,135.7764641,0,0,0,52,0,1,0
id_1843,京の宿　枳殻庵（キコクアン）,京都市下京区七条通間之町東入材木町４５６番地７,下京区,簡易宿所,H29.4.7,34.9877014,135.7553899,10,0,20,61,1,39,1
id_1844,ホテルチェックイン四条烏丸,京都市中京区烏丸通蛸薬師下る手洗水町６５４番２，６６０番,中京区,旅館・ホテル,H24.12.21,35.0103167,135.7512979,5,44,1,77,0,56,5
id_1845,ＫＡＲＥＮ京都東山,京都市東山区大仏南門通大和大路東入三丁目本瓦町６５６番地１７,東山区,旅館・ホテル,R3.3.5,34.9970931,135.7764641,48,13,6,110,12,103,4
id_1846,変なホテルプレミア　京都駅八条口前,京都市南区東九条東山王町１５番地,南区,旅館・ホテル,H31.3.18,34.976652,135.7464037,1,4,0,39,0,10,0
id_1847,千本丸太町ゲストハウス,京都市上京区丸太町通千本東入小山町８８７番地,上京区,簡易宿所,H28.10.20,35.0294911,135.7565602,4,0,1,26,0,16,0
id_1848,めい華,京都市東山区松原通大和大路東入弓矢町６７番地２０,東山区,簡易宿所,R6.1.22,34.9861909,135.7600629,21,4,1,39,4,34,0
id_1849,優遊　Ｉｎｎ　Ｆｕｓｈｉｍｉ　Ｋｙｏｔｏ,京都市伏見区深草山村町９９９番地４,伏見区,簡易宿所,H30.7.2,34.9360647,135.7613284,14,74,6,100,2,98,2
id_1850,Ｓｔａｙ　ＳＡＫＵＲＡ　Ｋｙｏｔｏ　園宮川町,京都市東山区大和大路通五条上る山崎町３４３番地,東山区,簡易宿所,R1.12.5,34.9927941,135.7488667,82,2,58,77,12,173,10
id_1851,ＫＹＯＴＯ－ＧＯＪＯ　ＶＩＬＬＡ,京都市下京区木屋町通六軒上る都市町１４３番地２７,下京区,簡易宿所,H30.8.14,34.9943401,135.7669067,8,1,31,36,1,44,1
id_1852,雲来居,京都市上京区千本通出水下る十四軒町４１３番地３６,上京区,簡易宿所,R2.7.31,35.0035543,135.7568678,2,62,27,89,6,110,7
id_1853,香柏　五条,京都市下京区中堂寺前田町１３番地１９,下京区,簡易宿所,R1.9.4,35.0034302,135.7643406,66,29,37,106,3,145,7
id_1854,宿小屋,京都市南区東九条東御霊町３４番地６,南区,簡易宿所,R2.8.13,34.9684803,135.8265259,27,15,3,100,1,87,2
id_1855,麻呂家　中堂寺,京都市下京区中堂寺北町18番地3,下京区,簡易宿所,H28.1.12,35.0203938,135.7550634,30,43,5,110,3,97,7
id_1856,,京都市伏見区深草稲荷榎木橋町１５番地３（南側）,伏見区,施設外玄関帳場,,34.9360647,135.7613284,2,2,0,35,2,49,0
id_1857,京蘭　静月邸,京都市南区東九条南松ノ木町３８番地３,南区,簡易宿所,R5.11.30,35.0041284,135.7187123,19,10,13,88,6,63,1
id_1858,京都旅庵　然,京都市東山区三条通白川筋黒谷道西入柚之木町３５６番地,東山区,簡易宿所,H27.5.19,35.0214655,135.7919861,3,0,0,54,1,14,0
id_1859,御宿　東浅井詰所,京都市下京区諏訪町通六条下る上柳町２０６番地２,下京区,簡易宿所,H28.1.29,35.0004986,135.7607506,27,5,77,81,3,136,7
id_1860,お宿　いしちょう,京都市中京区土手町竹屋町東入末丸町284-3,中京区,旅館・ホテル,S44.9.2,35.0156981,135.7702773,7,47,1,85,3,75,7
id_1861,オリエンタルホテル京都　六条,京都市下京区油小路通六条上る卜味金仏町１８１番地,下京区,旅館・ホテル,R1.10.25,34.9877014,135.7553899,58,31,97,81,3,204,7
id_1862,コンフォートホテルＥＲＡ京都東寺,京都市南区西九条島町５４番地１，５４番地２，５４番地３,南区,旅館・ホテル,R3.4.7,34.979112,135.752883,2,11,40,79,1,124,1
id_1863,京乃宿　香月庵,京都市南区八条内田町６７番地４,南区,簡易宿所,R5.8.4,35.0004986,135.7607506,1,0,9,29,1,40,0
id_1864,鈴　月輪　西,京都市東山区中道通松原上る月輪町９６番地７,東山区,簡易宿所,R2.7.29,34.9862549,135.7416637,4,1,0,66,9,42,2
id_1865,京都御宿　禅　紅葉庵,京都市下京区新町通鍵屋町下る蛭子町１４３番地１,下京区,簡易宿所,H30.8.7,34.9877014,135.7553899,27,7,104,103,1,216,7
id_1866,京小宿　古川みやび,京都市東山区堤町５１２－１４,東山区,簡易宿所,H27.2.23,34.9970931,135.7764641,54,2,46,98,12,122,4
id_1867,ゲストハウス　天神,京都市上京区堀川通寺之内上る２丁目下天神町650番地27,上京区,簡易宿所,H27.3.27,35.017247,135.7482517,3,5,0,22,0,9,0
id_1868,ＪＰ　ＲＥＳＥＲＶＥ　天使突抜町３,京都市下京区東中筋通五条下る天使突抜三丁目４５４番地（家屋番号２５）,下京区,簡易宿所,R6.11.8,34.9877014,135.7553899,0,5,14,31,0,23,0
id_1869,Ｈｔｅｌ　ＫＡＮＳＯ－Ｓｔａｙ　Ｓｉｍｐｌｅ，Ｔｒａｖｅｌ　Ｗｅｌｌ－,京都市南区東九条北松ノ木町２９番地４,南区,簡易宿所,H30.4.10,34.976652,135.7464037,0,2,4,29,1,12,0
id_1870,,京都市東山区池殿町１９８番地５,東山区,施設外玄関帳場,,34.9970931,135.7764641,37,11,90,74,2,163,7
id_1871,ホテルリソルトリニティ京都,京都市中京区麩屋町通御池上る上白山町２４９番地他三筆京都市中京区御幸町通御池上る亀屋町３８６番地４,中京区,旅館・ホテル,H30.9.3,35.0103167,135.7512979,48,47,7,101,3,116,10
id_1872,Ｒｉｎｎ　Ｇｉｏｎ　Ｋｅｎｎｉｎｊｉ,京都市東山区大和大路通四条下る三丁目博多町６９番地１,東山区,簡易宿所,R5.2.22,35.0011849,135.7726709,12,6,0,41,0,24,0
id_1873,京の宿　えんろ,京都市東山区泉涌寺東林町３５番地１２,東山区,簡易宿所,R1.9.3,34.9970931,135.7764641,4,8,0,56,1,35,0
id_1874,谷町君　ＨＯＴＥＬ　東本願寺１９,京都市下京区西洞院通五条下る小柳町４９５番地,下京区,簡易宿所,R6.1.24,34.9877014,135.7553899,30,33,32,97,7,112,7
id_1875,西陣　米田邸,京都市上京区猪熊通元誓願寺下る竪神明町４７２番地１,上京区,簡易宿所,R1.12.3,34.9861908,135.7601217,9,132,5,91,6,160,7
id_1876,ウサギノネドコ,京都市中京区西ノ京南原町３７番地,中京区,簡易宿所,H26.11.19,35.0103167,135.7512979,32,44,4,68,1,91,0
id_1877,ＰＬＡＴＩＮＵＭ　ＫＩＹＯＭＩＺＵ,京都市東山区清水門前松原産寧坂西入清水四丁目１７０番地２６ １Ｆ,東山区,簡易宿所,R2.11.24,34.9970931,135.7764641,37,25,3,75,1,75,3
id_1878,柏・二条１,京都市中京区聚楽廻西町７１番地５,中京区,簡易宿所,R3.10.19,35.0103167,135.7512979,29,66,6,67,2,116,3
id_1879,谷町君　八尾家,京都市下京区西洞院通五条上る八幡町５２５番地９,下京区,簡易宿所,H29.4.20,34.9877014,135.7553899,1,9,8,45,1,21,1
id_1880,西陣　藤田,京都市上京区堀川通今出川上る西入山名町８１１番地　１階,上京区,簡易宿所,R2.3.3,35.0107789,135.7637102,5,0,22,72,6,70,5
id_1881,京都清水の町家 和”NAGOMI”,京都市東山区清水門前松原産寧坂西入清水四丁目180番地3及び180番地4,東山区,簡易宿所,H28.1.12,34.9970931,135.7764641,5,12,35,86,12,76,1
id_1882,Ｍｉｎｎ烏丸五条,京都市下京区間之町通六条下る夷之町７７番地１,下京区,簡易宿所,R7.3.28,34.9877014,135.7553899,25,31,35,87,3,101,7
id_1883,草と本,京都市上京区今出川油小路上る水落町８７番地２,上京区,旅館・ホテル,R2.7.3,35.0294911,135.7565602,1,6,25,76,0,43,7
id_1884,京都プチハウス,京都市南区東九条中殿田町１５番地９,南区,簡易宿所,H29.12.12,34.976652,135.7464037,18,10,3,88,8,200,2
id_1885,ＳＡＫＵＲＡＹＡ　Ｋｙｏｔｏ　ｓｔａｔｉｏｎ,京都市南区梅小路通大宮東入古御旅町２１７番地（家屋番号１２番）,南区,簡易宿所,R7.10.9,34.976652,135.7464037,5,2,4,33,0,27,0
id_1886,da Vinci glow,京都市東山区五条橋東六丁目５１０番地１１,東山区,簡易宿所,H29.7.25,34.9970931,135.7764641,18,7,0,60,6,71,0
id_1887,鈴　八坂高台寺,京都市東山区広道通松原上る三丁目下弁天町６３番地８,東山区,簡易宿所,H29.11.7,34.999524,135.7781242,0,0,3,18,2,8,0
id_1888,一期一会　京都十条稲荷,京都市南区東九条南石田町５９番地２３、５９番地２４,南区,簡易宿所,R6.5.20,34.976652,135.7464037,0,0,0,43,2,7,0
id_1889,Ｒ　伏見　とき,京都市伏見区深草森吉町３番地６,伏見区,簡易宿所,R6.11.14,34.9360647,135.7613284,24,41,83,84,12,231,2
id_1890,田舎亭,京都市東山区下河原通八坂鳥居前下る下河原町463,東山区,旅館・ホテル,S37.8.23,35.0733427,135.7563402,67,18,6,97,39,135,5
id_1891,ＨＯＴＥＬ　ＺＩＰＡＮＧＵ　ＫＹＯＴＯ,京都市北区紫野中柏野町３７番地２６,北区,簡易宿所,R1.6.11,35.0409797,135.7541379,1,6,0,29,2,63,0
id_1892,いづき,京都市下京区正面通油小路西入珠数屋町１１２番地,下京区,簡易宿所,R6.9.5,34.9877014,135.7553899,10,12,2,57,0,30,3
id_1893,Ｋｙｏｔｏ　Ｍａｃｈｉｙａ　鴨川ガーデンズ　ＴＳＵＫＩＭＩ,京都市東山区鞘町通五条下る三丁目豊浦町３４６番地３,東山区,簡易宿所,R6.7.25,34.9970931,135.7764641,7,15,29,91,12,69,4
id_1894,ＨＯＮＯＤＯ　ＭＩＢＵ,京都市中京区壬生下溝町２０番地１４,中京区,簡易宿所,H31.2.13,35.0103167,135.7512979,0,39,0,30,2,43,0
id_1895,ホテルブリエ　京都駅南,京都市南区東九条北烏丸町８番地６,南区,簡易宿所,R2.11.6,34.976652,135.7464037,12,10,34,73,0,60,1
id_1896,白樺之家・秋,京都市南区東九条北松ノ木町３３番地２（中棟）,南区,簡易宿所,R5.2.2,35.0107789,135.7637102,3,10,18,90,6,133,2
id_1897,ＫＹＯＴＯ ＧＩＯＮ ＨＯＴＥＬ,京都市東山区新橋通大和大路東入二丁目清本町３５４番地６,東山区,簡易宿所,R3.9.16,35.0048604,135.7752603,29,1,77,71,22,148,4
id_1898,棠,京都市右京区西院西平町３番地５,右京区,簡易宿所,H30.12.6,34.9853497,135.758766,30,1,0,31,0,55,0
id_1899,京王プレリアホテル　京都烏丸五条,京都市下京区烏丸通松原下る五条烏丸町３９６番地,下京区,旅館・ホテル,H30.11.21,34.9983128,135.7595155,9,0,2,48,0,13,1
id_1900,宮崎屋（＋）Ｐｌｕｓ,京都市上京区元誓願寺通浄福寺東入元中之町５１６番地,上京区,簡易宿所,H30.10.3,35.0294911,135.7565602,12,54,37,86,1,156,7
id_1901,三休荘町家,京都市左京区浄土寺東田町１７番地,左京区,簡易宿所,H30.7.2,35.0485352,135.7783697,17,1,12,76,3,59,1
id_1902,ドーミーインＰＲＥＭＩＵＭ京都駅前,京都市下京区東洞院通七条下ル東塩小路町558番-8,下京区,旅館・ホテル,H22.3.31,34.9877014,135.7553899,3,7,3,15,0,16,0
id_1903,ＫＩＯＲＩ　Ｈｏｔｅｌ　Ｈｉｇａｓｈｉｎｏ－Ｔｏｉｎ,京都市下京区東洞院通高辻下る燈籠町５６２番地,下京区,旅館・ホテル,R3.3.10,34.9877014,135.7553899,21,5,25,94,0,61,7
id_1904,有限会社　旅館　さわや本店,京都市左京区聖護院川原町25,左京区,旅館・ホテル,S31.9.25,35.0485352,135.7783697,7,0,0,19,1,14,0
id_1905,京都プラザホテル近鉄十条,京都市南区西九条菅田町１番地１,南区,旅館・ホテル,R5.8.8,34.976652,135.7464037,19,2,16,73,1,59,0
id_1906,ぎをん白川の宿　一本橋　ｂｙ　宿ル　ＫＹＯＴＯ　ＨＡＮＡＲＥ,京都市東山区智恩院古門前大和大路東入四丁目石橋町２９５番地１１,東山区,簡易宿所,H30.7.9,34.9970931,135.7764641,14,0,8,39,0,22,0
id_1907,Ｋａｍｏｎ　Ｉｎｎ　Ｉｎａｒｉ,京都市伏見区深草六反田町４番地６,伏見区,簡易宿所,H29.5.10,34.9360647,135.7613284,14,66,6,93,15,149,2
id_1908,京のやど古都葉,京都市下京区木屋町通松原上る美濃屋町１８２番地３　１階,下京区,簡易宿所,H29.10.20,34.9877014,135.7553899,1,12,10,43,0,31,0
id_1909,ｈｏｔｅｌ　ＭＯＮｄａｙ　京都丸太町,京都市中京区烏丸通夷川上る少将井町２２５番地,中京区,簡易宿所,R3.2.18,35.0160296,135.7593287,16,20,3,52,2,42,0
id_1910,六華邸,京都市中京区西ノ京永本町５番地３８　１Ｆ，２Ｆ,中京区,簡易宿所,H30.8.7,35.0103167,135.7512979,10,27,2,29,0,43,1
id_1911,聆川舎,京都市下京区加茂川端正面上る平岡町３７７番地２,下京区,簡易宿所,H29.12.1,35.0107789,135.7637102,8,9,14,44,1,33,0
id_1912,,京都市上京区元誓願寺通智恵光院西入元中之町５００番地,上京区,施設外玄関帳場,,35.0294911,135.7565602,12,66,37,95,1,167,1
id_1913,島原　雪屋,京都市下京区二人司町３０番地１,下京区,簡易宿所,R4.11.11,34.9861909,135.7600629,66,39,52,104,4,208,25
id_1914,京都グランベルホテル　ｈａｎａｒｅｙａ,京都市下京区御幸町通五条上る安土町６４６番地５,下京区,旅館・ホテル,R3.11.17,34.9877014,135.7553899,9,24,2,46,1,37,0
id_1915,,京都市南区久世上久世町８０５番地２２（２階）,南区,施設外玄関帳場,,34.976652,135.7464037,30,1,9,56,0,84,1
id_1916,カルタホテル京都別邸,京都市中京区堺町通押小路下る扇屋町６４６番地,中京区,簡易宿所,R1.11.19,35.0103167,135.7512979,40,7,6,82,3,73,0
id_1917,インディゴハウス園２階,京都市東山区大和大路通四条下る四丁目小松町５６３番地２２,東山区,簡易宿所,H27.10.29,34.9970931,135.7764641,8,40,77,109,2,133,4
id_1918,京一軒町家　染　ＳＥＮ　七条花畑,京都市下京区七条通大宮西入花畑町５９２番地９,下京区,簡易宿所,H31.3.13,34.9877014,135.7553899,13,21,18,68,0,71,5
id_1919,ＦＵＧＡＳＴＡＹ　四条大宮,京都市下京区岩上通四条下る佐竹町３９６番地,下京区,旅館・ホテル,R3.2.9,34.9877014,135.7553899,0,0,14,49,0,21,3
id_1920,京町家雅　釜座邸　かみ座庵,京都市中京区釜座通姉小路下る突抜町８０４番地３　２階,中京区,簡易宿所,H29.8.14,35.0103167,135.7512979,3,0,8,53,0,19,0
id_1921,ザ　グランリゾート　エレガンテ　京都,京都市上京区中立売通堀川東入ル東橋詰町66-3,上京区,旅館・ホテル,H6.5.18,35.0294911,135.7565602,26,54,4,71,6,108,7
id_1922,京町家雅　紅葉庵,京都市東山区清水門前松原産寧坂西入清水四丁目１７２番地２０,東山区,簡易宿所,H30.9.11,34.9970931,135.7764641,3,0,0,18,0,4,0
id_1923,櫻花乃宿,京都市南区東九条松田町１００番地５,南区,旅館・ホテル,R6.3.1,34.976652,135.7464037,3,11,13,61,6,96,1
id_1924,蛮子民宿　二条池,京都市中京区壬生天池町３５番地１６,中京区,簡易宿所,H30.11.19,35.0103167,135.7512979,20,23,4,46,1,57,3
id_1925,月乃舟,京都市東山区下河原通高台寺門前下河原町４６３番地３２,東山区,簡易宿所,R3.7.14,35.0108131,135.7683425,51,13,29,89,2,101,4
id_1926,ＨＯＴＥＬ　ＫＡＤＯ　ＧＯＳＨＯ－ＭＩＮＡＭＩ　ＫＹＯＴＯ,京都市中京区烏丸通竹屋町上る大倉町２０６番地，砂金町４１３番地１,中京区,旅館・ホテル,R1.5.28,35.0103167,135.7512979,7,0,1,26,0,9,0
id_1927,京蘭　天音邸,京都市伏見区深草森吉町２４番地４６,伏見区,簡易宿所,R7.9.9,35.0037119,135.76876,5,6,4,69,9,25,0
id_1928,ホテルアルザ京都,京都市東山区大和大路通三条下る三丁目弁財天町３３番地，３４番地,東山区,旅館・ホテル,H30.12.27,34.9970931,135.7764641,76,6,0,51,9,93,0
id_1929,ＮＩＭＯＮ２,京都市左京区仁王門通新高倉東入正往寺町４５０番地２Ｆ，３Ｆ北側,左京区,簡易宿所,R2.4.3,35.0485352,135.7783697,47,29,14,81,1,106,1
id_1930,ゲストハウス田中家,京都市東山区宮川筋五丁目３５２番８,東山区,簡易宿所,H22.2.15,35.017247,135.7482517,0,0,4,25,0,4,0
id_1931,,京都市東山区星野町８９番地（真覚寺内）,東山区,施設外玄関帳場,,34.9970931,135.7764641,37,8,20,73,1,68,0
id_1932,清栄ホテル京都河原町,京都市下京区松原通富小路西入松原中之町４７６番地,下京区,旅館・ホテル,R2.9.16,34.9877014,135.7553899,3,3,4,64,2,15,1
id_1933,宿屋　三坊,京都市中京区猪熊通御池下る三坊猪熊町北組３７０番地２,中京区,簡易宿所,H27.5.27,35.0103167,135.7512979,57,37,4,72,2,110,5
id_1934,京宿家　月輪こはく庵,京都市東山区泉涌寺雀ヶ森町３番８,東山区,簡易宿所,H23.7.1,34.9970931,135.7764641,4,1,4,61,9,21,0
id_1935,ゲストハウス　木音となり,京都市上京区五辻通六軒町西入溝前町１００番地１,上京区,簡易宿所,H29.8.23,35.0294911,135.7565602,1,6,4,81,6,46,18
id_1936,京都　六花庵,京都市下京区加茂川端正面上る平岡町３８４番地,下京区,簡易宿所,H31.1.18,34.9877014,135.7553899,3,35,27,81,7,80,7
id_1937,前新屋,京都市下京区東中筋通高辻上る永養寺町237-13,下京区,簡易宿所,H26.9.29,34.9861909,135.7600629,8,10,8,45,0,27,0
id_1938,ＴＡＫＥＹＡ　ＧＯＪＯ　ＢＥＫＫＡＮ,京都市下京区堺町通五条上る俵屋町２２５番地６,下京区,簡易宿所,H28.9.27,34.9877014,135.7553899,74,65,32,93,1,218,1
id_1939,ＭＡＡＮＡ　ＫＩＹＯＭＩＺＵ　ＳＵＩＴＥ０２,京都市東山区馬町通妙法院北門前妙法院前側町４２７番地１８、４２７番地１９（西側２軒目）,東山区,簡易宿所,R4.11.1,34.9970931,135.7764641,22,7,0,55,0,41,3
id_1940,Ｃａｌｍ　Ｃａｓｔｌｅ　Ｈｏｔｅｌ　Ｎｉｊｏ,京都市中京区西ノ京勧学院町２０番地１，西ノ京南聖町２番地２,中京区,簡易宿所,R1.9.9,35.0103167,135.7512979,1,0,0,28,0,5,0
id_1941,しばし　梅屋町,京都市東山区大和大路通五条下る二丁目東入下梅屋町１５７番地,東山区,簡易宿所,H29.7.3,34.9970931,135.7764641,1,0,1,23,2,7,0
id_1942,琉翠庵,京都市下京区木津屋橋通堀川西入木津屋町４５５番地,下京区,簡易宿所,R7.6.13,34.9877014,135.7553899,1,27,12,47,1,45,3
id_1943,Ｈｏｔｅｌ　Ｓｅｉｋｉ　Ｋｙｏｔｏ　Ｓｔａｔｉｏｎ,京都市南区東九条北烏丸町24-5,南区,簡易宿所,H18.4.11,34.9813225,135.7599443,25,14,17,84,16,84,0
id_1944,都シティ　近鉄京都駅,京都市下京区東塩小路釜殿町１－９,下京区,旅館・ホテル,H23.9.9,34.9848136,135.7574061,24,27,5,82,3,65,5
id_1945,ＣＡＭＰＴＯＮ　ＫＩＹＯＭＩＺＵ,京都市東山区八坂通下河原東入八坂上町３６８番地１,東山区,簡易宿所,H30.8.24,34.9970931,135.7764641,48,10,37,75,2,123,10
id_1946,蛮子民宿　二条天,京都市中京区壬生天池町３５番地１５,中京区,簡易宿所,H30.11.19,35.0103167,135.7512979,4,34,6,57,0,70,0
id_1947,ＫＥＶＩＮ’Ｓ　ＰＬＡＣＥⅡ,京都市南区東九条東岩本町３４番地４,南区,簡易宿所,H30.2.14,34.976652,135.7464037,0,7,1,55,2,141,1
id_1948,京小宿八坂ゆとね,京都市東山区下河原通高台寺下ル南町４１３番,東山区,旅館・ホテル,H24.2.7,34.9970931,135.7764641,8,2,1,28,2,17,0
id_1949,旅館蓮Ａ,京都市下京区三ノ宮町通上ノ口上る岩滝町２３０番地,下京区,簡易宿所,R3.1.5,34.9877014,135.7553899,1,10,2,39,0,46,0
id_1950,ゲストハウス　空,京都市下京区油小路通六条下る西若松町２７５番地５,下京区,簡易宿所,H29.6.9,35.009244,135.7453093,13,13,14,50,0,78,5
id_1951,ヴィアイン京都四条室町,京都市中京区室町通蛸薬師下る山伏山町５４９，５５１－２,中京区,旅館・ホテル,H19.3.28,35.0103167,135.7512979,7,0,1,29,0,8,0
id_1952,ホテル　ひとめぼれ,京都市下京区高辻通柳馬場西入泉正寺町４６５番地１,下京区,簡易宿所,R1.11.25,34.9877014,135.7553899,6,20,1,37,0,28,0
id_1953,Ｃｏｎｎｅｃｔ　Ｉｎｎ　七条鴨川,京都市東山区一橋野本町４６番地９,東山区,簡易宿所,R2.8.18,34.9970931,135.7764641,29,21,22,72,1,101,10
id_1954,家紋イン相深Ⅱ,京都市伏見区深草相深町５番地１８,伏見区,簡易宿所,H30.12.25,34.9360647,135.7613284,2,47,27,84,12,259,2
id_1955,せんりょう,京都市上京区中町通丸太町上る俵屋町４３６番地１,上京区,簡易宿所,H28.9.29,35.0294911,135.7565602,13,66,40,115,20,149,7
id_1956,京蘭　龍月邸,京都市伏見区深草一ノ坪町２０番地１,伏見区,簡易宿所,R6.6.6,35.0035941,135.7567606,2,70,5,85,2,99,2
id_1957,ＳＥＫＩＡ　ＷＡＧＡＹＡ　ＨＯＴＥＬ,京都市下京区西七条掛越町４０番地１,下京区,簡易宿所,R4.12.19,34.9877014,135.7553899,17,20,25,79,7,75,5
id_1958,熊野　Ｈｏｕｓｅ,京都市東山区今熊野南日吉町１１９番地４,東山区,簡易宿所,H29.2.13,34.986909,135.7518266,16,5,2,57,9,50,4
id_1959,京桜ハウス　島原店,京都市下京区西新屋敷中之町１２１番地２,下京区,簡易宿所,R1.5.8,34.9877014,135.7553899,2,56,4,83,3,72,5
id_1960,Ｔａｌｂｏｔ,京都市中京区西ノ京池ノ内町１番地２,中京区,簡易宿所,H29.6.27,35.0103167,135.7512979,51,7,9,87,3,88,1
id_1961,,京都市下京区朱雀正会町１－１京果会館２０６室,下京区,施設外玄関帳場,,34.9877014,135.7553899,0,4,5,26,0,10,0
id_1962,エスペリアホテル京都,京都市下京区中堂寺壬生川町２２番地,下京区,旅館・ホテル,H31.4.5,34.9877014,135.7553899,9,0,0,52,0,13,0
id_1963,,京都市南区東寺町５８５－２　GARENT　RESIDENCE　００４号室,南区,施設外玄関帳場,,34.976652,135.7464037,22,16,44,105,6,138,2
id_1964,Ｋ－ｓｔｙｌｅ,京都市北区紫野上柏野町４６番地２２,北区,簡易宿所,H28.7.7,35.0409797,135.7541379,3,0,0,55,1,20,0
id_1965,ｍａｒｕｃｏ左近,京都市南区西九条開ケ町１０８番地１,南区,簡易宿所,R2.3.11,34.976652,135.7464037,13,10,27,68,0,84,1
id_1966,京都やどまち　上七軒,京都市上京区五辻通七本松西入二丁目西柳町５７９番地,上京区,簡易宿所,H28.11.11,35.03097,135.737745,6,6,3,75,1,84,5
id_1967,Ｋｙｏｍａｃｈｉｙａ　Ｎａｄｅｓｈｉｋｏ　Ｈｏｕｓｅ,京都市東山区大和大路通五条上る山崎町３３４番地３,東山区,簡易宿所,R3.3.29,34.9970931,135.7764641,2,0,1,34,4,11,1
id_1968,ＬｉＢ　ＰＬＵＳ　Ｖｉｌｌａ　壬生,京都市中京区壬生下溝町６０番地７,中京区,簡易宿所,H30.11.12,35.0103167,135.7512979,16,3,3,44,0,50,0
id_1969,Ｇｉｏｎ　ＨＡＮＮＡ　ＳＴＡＹ,京都市東山区三条通大橋東二町目５０番地３,東山区,簡易宿所,R5.10.12,34.9970931,135.7764641,46,4,14,51,0,68,0
id_1970,ＧＵＥＳＴ　ＨＯＵＳＥ　お茶や,京都市下京区西七条北東野町２３番地４,下京区,簡易宿所,H29.5.11,34.9877014,135.7553899,2,0,0,18,0,13,0
id_1971,ＭＩＢＵ　＠　ＬｉＢ　ＰＬＵＳ,京都市中京区壬生下溝町６１番地８,中京区,簡易宿所,H31.4.11,35.0103167,135.7512979,4,0,0,19,0,5,0
id_1972,ＫＹＯＴＯ　ＰＬＥＡＳＡＮＴ　ＨＯＴＥＬ,京都市上京区堀川通上立売下る北舟橋町８５７番地,上京区,旅館・ホテル,R6.9.24,35.0294911,135.7565602,13,54,29,103,1,106,1
id_1973,旅館　せいしん庵,京都市東山区三条白川橋東入四丁目中之町209番地,東山区,旅館・ホテル,H13.8.21,34.9970931,135.7764641,2,1,26,40,4,33,0
id_1974,ｙｕｇｅｎ　ｋｙｏｔｏ　ｓｈｉｊｏ,京都市下京区麩屋町通高辻下る鍵屋町２１８番地,下京区,旅館・ホテル,R7.9.26,34.9877014,135.7553899,17,20,0,55,0,40,0
id_1975,源鳳院,京都市左京区岡崎法勝寺町77,左京区,旅館・ホテル,H27.2.26,35.0485352,135.7783697,6,5,7,43,0,19,0
id_1976,京蘭―如月邸,京都市伏見区深草森吉町１２番地８,伏見区,簡易宿所,H31.1.8,35.0041284,135.7187123,13,74,37,113,2,137,0
id_1977,ＭＵＳＵＢＩ　ＨＯＴＥＬ　京都三条　別邸,京都市中京区三条通猪熊西入御供町３０５番地,中京区,簡易宿所,H29.8.23,35.0103167,135.7512979,30,0,2,35,0,37,1
id_1978,祇園の宿　杏花,京都市東山区大和大路通四条上る二筋目東入末吉町８６番地,東山区,簡易宿所,R3.2.8,34.9970931,135.7764641,20,0,2,49,1,31,3
id_1979,梅庭,京都市中京区西ノ京西月光町２７番地１３,中京区,簡易宿所,R1.7.19,34.9861909,135.7600629,8,151,10,81,3,181,1
id_1980,京恋　六波羅,京都市東山区六波羅南通東入三盛町１６８番地,東山区,簡易宿所,R2.1.15,34.9970931,135.7764641,118,36,5,84,2,172,4
id_1981,ホテル　サラ・デル・レイ,京都市伏見区竹田西小屋ノ内町６番地,伏見区,旅館・ホテル,R5.5.9,34.9360647,135.7613284,0,0,7,38,4,27,0
id_1982,御屋・桐,京都市下京区朱雀北ノ口町３２番地１２,下京区,簡易宿所,R3.9.7,34.9853497,135.758766,27,3,5,91,3,49,7
id_1983,ＲＥＳＩＳＴＡＹ　心心苑,京都市上京区中筋通大宮西入横大宮町２１２番地,上京区,簡易宿所,R3.5.26,35.0294911,135.7565602,4,28,0,64,0,44,5
id_1984,藤屋,京都市東山区福稲柿本町２０番地９２,東山区,簡易宿所,H28.10.12,34.9970931,135.7764641,24,7,20,57,6,71,0
id_1985,酔花間,京都市左京区丸太町通川端東入東丸太町１４番地２６,左京区,簡易宿所,R6.1.19,35.0485352,135.7783697,0,2,0,30,1,28,0
id_1986,山雲居,京都市下京区中堂寺前田町２８番地２３,下京区,簡易宿所,R2.3.9,35.0203938,135.7550634,3,0,0,24,0,5,0
id_1987,弓張月,京都市東山区鞘町通五条下る五丁目上堀詰町２７７番地２,東山区,簡易宿所,R3.3.23,35.0107789,135.7637102,48,12,32,83,12,119,10
id_1988,真心（しんじん）,京都市下京区油小路通花屋町下る仏具屋町２２７番地１,下京区,簡易宿所,H29.3.21,34.9877014,135.7553899,13,18,22,53,1,57,0
id_1989,Ｇｕｅｓｔ　Ｈｏｕｓｅ　Ｅ－ｎｉｎｅ,京都市南区東九条宇賀辺町４３番地４,南区,簡易宿所,H29.1.24,34.976652,135.7464037,12,6,1,58,0,49,1
id_1990,鴨屋旅館,京都市東山区大和大路通七条下る三丁目上池田町５４６番地１,東山区,旅館・ホテル,R5.9.4,34.986387,135.77115,32,12,29,90,1,79,4
id_1991,ＤＥＬＴＡ　ＳＴＡＹ,京都市上京区桝形通寺町東入三栄町６２番地　２階,上京区,簡易宿所,R2.10.6,35.0294911,135.7565602,8,58,37,92,1,133,7
id_1992,香柏　西陣　紬,京都市上京区六軒町通五辻上る末広町２１番地６,上京区,簡易宿所,R2.3.10,35.0294911,135.7565602,0,10,7,32,1,29,1
id_1993,レジステイ姉小路,京都市中京区新町通姉小路下る町頭町８７番地３,中京区,簡易宿所,H28.11.7,35.0103167,135.7512979,6,31,0,76,3,50,1
id_1994,【 囲－ＫＡＫＯＩ－ 】,京都市上京区元誓願寺通六軒町西入大文字町２３６番地２,上京区,簡易宿所,R3.1.4,35.0294911,135.7565602,5,8,5,26,0,29,1
id_1995,雲町屋　京都駅前,京都市下京区下魚ノ棚通油小路東入東町２６０番地４,下京区,簡易宿所,R6.4.18,35.0154268,135.7487956,18,31,35,78,7,99,7
id_1996,水月（Ｓｕｉｇｅｔｓｕ）,京都市東山区五条通大和大路東入門脇町１８７番地５,東山区,簡易宿所,R3.6.7,34.9970931,135.7764641,0,10,22,84,9,46,4
id_1997,住一　京都八坂店,京都市東山区下河原通八坂鳥居前下る下河原町４８７番地、４８８番地１、４８８番地２、５４２番地住一　京都八坂店　１階,東山区,簡易宿所,R7.6.3,34.9970931,135.7764641,51,2,90,113,15,165,4
id_1998,ヴァン・ヴェール　アネックス,京都市伏見区竹田西小屋ノ内町３番地,伏見区,旅館・ホテル,H25.8.13,34.9360647,135.7613284,0,8,4,21,0,28,0
id_1999,有隣苑,京都市下京区富小路通松原下る本上神明町４４４番地１，４４４番地２,下京区,簡易宿所,H31.3.28,34.9861909,135.7600629,7,9,5,21,0,22,0
id_2000,寝床,京都市中京区御幸町通蛸薬師下る船屋町３６３番地１　（ＭＪビル４階）,中京区,簡易宿所,H29.8.9,35.0103167,135.7512979,0,3,2,46,0,19,4
id_2001,奏　清水五条,京都市東山区五条橋東若宮八幡裏梅林町５６４番地１７,東山区,簡易宿所,H31.3.6,34.9970931,135.7764641,2,4,0,46,0,14,0
id_2002,,京都市中京区壬生森町６０番地２２,中京区,施設外玄関帳場,,35.0103167,135.7512979,0,15,0,40,0,15,0
id_2003,Ｇｕｅｓｔｈｏｕｓｅ　ＩＴＯＹＡ　ｓｔａｎｄ,京都市上京区浄福寺通五辻下る有馬町２０３－１,上京区,簡易宿所,H26.3.31,35.0294911,135.7565602,14,58,35,87,8,130,1
id_2004,知恩院　和順会館,京都市東山区新橋通大和大路東入林下町400番2,東山区,旅館・ホテル,H23.2.16,34.9970931,135.7764641,35,8,1,44,9,54,0
id_2005,京墅－蓮,京都市南区八条内田町６３番地４,南区,簡易宿所,R2.1.23,34.9861909,135.7600629,8,0,5,46,0,17,0
id_2006,Ｓａｋｕｒａ　Ｒｉｖｅｒ　Ｉｎｎ　　Ⅰ,京都市下京区河原町通松原上る清水町４５４番地２１１階,下京区,簡易宿所,H29.4.20,34.9877014,135.7553899,21,29,29,80,3,97,7
id_2007,ＴＨＥ　Ｌ．Ａ．　ＭＡＲＴ　ＨＯＴＥＬ,京都市中京区御幸町通三条下る八百屋町１１１番地１,中京区,旅館・ホテル,R1.5.27,35.0103167,135.7512979,29,4,0,52,5,42,0
id_2008,ゲストハウス　トマローカ文覚町,京都市下京区東中筋通七条上る文覚町３９４番地３,下京区,簡易宿所,H28.9.27,34.9877014,135.7553899,4,70,27,78,3,122,5
id_2009,ＷＡＳＵＫＩ金閣寺,京都市北区紫野上柏野町３１番地,北区,簡易宿所,R7.1.7,35.0409797,135.7541379,1,0,0,24,0,10,0
id_2010,安居雲舎,京都市南区八条内田町９２番地１２,南区,簡易宿所,R2.8.25,35.0302915,135.7593083,12,0,12,51,8,81,3
id_2011,きんせ旅館,京都市下京区西新屋敷太夫町７９番地，８０番地,下京区,簡易宿所,H23.3.14,34.9877014,135.7553899,3,7,0,22,0,11,0
id_2012,ダイワロイネットホテル京都テラス八条ＰＲＥＭＩＥＲ,京都市南区東九条東山王町１４番地１,南区,旅館・ホテル,R1.7.23,34.976652,135.7464037,3,2,0,23,0,18,0
id_2013,壬生庵,京都市中京区壬生松原町５４番地１１４,中京区,簡易宿所,R2.6.18,35.0034302,135.7643406,45,74,2,103,3,160,25
id_2014,東急ハーヴェストクラブ京都鷹峯＆ＶＩＡＬＡ,京都市北区衣笠鏡石町４７番,北区,旅館・ホテル,H26.8.25,35.0409797,135.7541379,26,2,0,33,2,43,0
id_2015,京柊（Ｋｙｏ－Ｈｉｉｒａｇｉ）,京都市中京区壬生天池町２８番地２６,中京区,簡易宿所,H30.12.10,35.0103167,135.7512979,5,6,5,66,0,25,3
id_2016,清水三年坂　Ｈｏｍｅ　ｉｎ　ＫＹＯＴＯ,京都市東山区松原通大橋東四丁目清水二丁目２５７番地４，２５７番地９,東山区,簡易宿所,R2.11.6,34.9970931,135.7764641,0,0,2,51,0,10,7
id_2017,蛮子民宿二条城　竹,京都市中京区西ノ京左馬寮町７番地４１,中京区,簡易宿所,H30.5.21,35.0103167,135.7512979,3,17,0,54,1,22,0
id_2018,Ｍｉｎａｍｉ　Ｈｏｕｓｅ,京都市南区東九条東御霊町６６番地４,南区,簡易宿所,R3.4.30,34.976652,135.7464037,4,17,20,90,1,213,2
id_2019,夏嵐・星,京都市左京区田中玄京町６５番地,左京区,簡易宿所,H31.2.7,35.0037193,135.7684127,0,0,0,18,0,3,1
id_2020,ぐっすり家　伏見稲荷,京都市伏見区深草一ノ坪町３７番地１７,伏見区,簡易宿所,H28.6.7,34.9360647,135.7613284,24,7,4,77,0,74,0
id_2021,ザ・プリンス　京都宝ヶ池,京都市左京区岩倉幡枝町1092,左京区,旅館・ホテル,S61.10.1,35.062699,135.7807556,32,15,3,93,10,83,10
id_2022,宿きらまち　Ｂ,京都市下京区綾小路通西洞院東入新釜座町７２２番地７,下京区,簡易宿所,H29.2.13,34.9877014,135.7553899,14,21,58,69,0,107,0
id_2023,ゲストハウス　十一庵,京都市東山区六波羅裏門通三盛町１７０番地１０,東山区,簡易宿所,H28.3.10,34.9970931,135.7764641,8,13,7,99,39,70,1
id_2024,Miyagawacho　House,京都市東山区宮川筋四条下る宮川筋六丁目３６９番地,東山区,簡易宿所,H29.3.13,34.9970931,135.7764641,4,2,4,24,4,14,0
id_2025,鴨七,京都市下京区二ノ宮町通七条上る下二之宮町４４３番地２、４４７番地２２,下京区,簡易宿所,R7.10.20,34.9877014,135.7553899,0,15,0,50,1,24,5
id_2026,色絵　古都　いろえ　こと　ＩＲＯＥ　ＫＯＴＯ,京都市上京区土屋町通下長者町下る弁天町３０５番地１５,上京区,簡易宿所,H30.4.10,35.0294911,135.7565602,8,17,1,40,2,42,0
id_2027,仁和寺松林庵,京都市右京区御室大内３３番地１,右京区,簡易宿所,H29.10.30,35.0034302,135.7643406,6,31,8,86,3,59,4
id_2028,福家・鴨川東館,京都市左京区新麩屋町通仁王門下る大菊町９８番地１５,左京区,簡易宿所,H28.8.2,35.0107789,135.7637102,25,15,24,115,1,68,1
id_2029,ゲストハウス“ボン”,京都市北区紫野上門前町６３番地２,北区,簡易宿所,H17.3.29,35.0409797,135.7541379,0,4,0,42,4,19,0
id_2030,株式会社　北白川天然ラヂウム温泉,京都市左京区北白川地蔵谷町1-125,左京区,旅館・ホテル,S35.12.23,35.0485352,135.7783697,21,10,2,76,12,52,1
id_2031,幻　毘沙門,京都市下京区若宮通五条下る毘沙門町４０番地,下京区,簡易宿所,H30.3.29,35.0273319,135.7673909,16,0,0,33,0,25,3
id_2032,鈴　花屋町　朝霧３,京都市下京区二人司町６番地１９,下京区,簡易宿所,R5.12.1,34.9877014,135.7553899,0,15,3,62,2,22,0
id_2033,藤家旅館,京都市下京区不明門通七条下る東塩小路町735,下京区,旅館・ホテル,S59.6.19,34.9884008,135.760108,1,3,22,58,0,31,3
id_2034,ロワジールホテル　京都東寺,京都市南区西九条蔵王町３１番地１,南区,簡易宿所,R5.9.1,34.976652,135.7464037,30,16,4,102,8,84,2
id_2035,Ａｕｂｅｒｇｅ　ＡＺＡＢＵ,京都市下京区室町通五条上る坂東屋町２７７番地１,下京区,簡易宿所,H30.8.8,34.9877014,135.7553899,43,51,25,60,3,133,5
id_2036,五条の宿　こーとな,京都市東山区馬町通本町東入北棟梁町３１７番地６,東山区,簡易宿所,R6.8.6,34.9970931,135.7764641,16,0,31,46,9,58,0
id_2037,紡　祇園宮川町,京都市東山区大黒町通松原下る二丁目山城町２８２番地５,東山区,簡易宿所,R2.8.18,34.9970931,135.7764641,21,2,0,26,2,27,1
id_2038,京宿　西浦庵,京都市伏見区深草西浦町一丁目１０番地２３,伏見区,簡易宿所,R1.8.19,34.9963162,135.7797553,2,0,1,31,2,18,0
id_2039,紡　堀川吉文字,京都市下京区岩上通高辻下る吉文字町４７１番地,下京区,簡易宿所,R1.9.19,34.9861909,135.7600629,6,0,0,35,0,7,0
id_2040,京の宿　縁,京都市下京区東洞院通七条上る飴屋町263番地，263番地1,下京区,簡易宿所,H27.12.25,34.9684803,135.8265259,0,10,0,40,0,16,0
id_2041,八重家　かねい町,京都市東山区馬町通本町東入鐘鋳町３９６番地１,東山区,簡易宿所,H28.11.14,34.9970931,135.7764641,6,15,32,104,39,106,4
id_2042,福屋東山,京都市左京区古川町通仁王門下る東門前町５２５番地１,左京区,簡易宿所,R7.2.19,34.9853497,135.758766,15,10,13,69,0,48,0
id_2043,美盧西院西今田町邸,京都市右京区西院西今田町１３番地１０,右京区,簡易宿所,H30.2.1,34.9861909,135.7600629,5,0,5,57,1,14,1
id_2044,上七軒　卯庵,京都市上京区御前通今出川上る鳥居前町６６４番地７４,上京区,簡易宿所,H30.6.15,35.0294911,135.7565602,2,8,14,32,0,38,1
id_2045,梅の木庵,京都市東山区白川筋東川端三条下る梅宮町４７９番地,東山区,簡易宿所,H28.10.26,35.0733427,135.7563402,54,16,40,82,12,141,1
id_2046,RESISTAY PALACE GATE Main,京都市中京区麩屋町通二条上る布袋屋町４９０番地４,中京区,簡易宿所,R6.7.17,35.0103167,135.7512979,37,8,1,78,3,56,7
id_2047,８ＩＮＮ　京都,京都市南区東九条松田町１０３番地１１,南区,簡易宿所,R4.3.15,34.976652,135.7464037,3,2,3,26,1,11,1
id_2048,四季倶楽部　京都加茂川荘,京都市北区小山下内河原町６,北区,旅館・ホテル,H21.11.10,35.0409797,135.7541379,45,10,6,80,12,85,2
id_2049,本町,京都市東山区本町二丁目８４番地１,東山区,簡易宿所,R7.5.27,34.9043624,135.7153075,29,10,52,69,6,109,2
id_2050,日昇別荘　右近橘,京都市中京区柳馬場通三条下る槌屋町８２,中京区,簡易宿所,H27.3.20,34.9596655,135.772031,0,0,0,24,0,0,0
id_2051,春光院宿坊　哲龍窟,京都市右京区花園妙心寺町４２番，１１番,右京区,簡易宿所,H24.11.19,35.0101794,135.7159781,27,13,0,54,1,96,1
id_2052,凪(二条城),京都市上京区上長者町通千本東入二丁目山王町４９６番地３，４９６番地４　２戸１棟長屋西側,上京区,簡易宿所,R3.12.13,35.0118489,135.7501042,0,0,64,67,3,88,5
id_2053,Ｇｅｎｊｉ　Ｋｙｏｔｏ,京都市下京区加茂川端六軒町西入波止土濃町３６２番地３,下京区,旅館・ホテル,R4.2.24,34.9933386,135.7668868,1,5,22,28,0,34,0
id_2054,京蘭　玲瓏邸,京都市南区八条通大宮西入八条町４２９番地３,南区,簡易宿所,R6.5.24,35.0037162,135.7696096,30,17,24,94,1,82,6
id_2055,京宿庵　なでしこ　白川,京都市東山区三条南二筋目白川筋西入二丁目南側南木之元町５３９番地６,東山区,簡易宿所,H28.1.19,34.9970931,135.7764641,43,17,40,103,15,119,4
id_2056,魚山園,京都市左京区大原来迎院町４５４番地,左京区,旅館・ホテル,H11.4.28,35.1189117,135.8339197,17,2,13,69,6,73,7
id_2057,京蘭－縁絆邸,京都市南区東九条河西町２０番地５,南区,簡易宿所,R3.2.4,35.0037193,135.7684127,10,1,24,66,0,82,1
id_2058,ｈａｎｎａｒｉ,京都市上京区日暮通下立売下る櫛笥町６９３番地,上京区,簡易宿所,H20.3.21,35.0145029,135.6770003,4,28,31,55,5,101,3
id_2059,京町家　旅宿  小都音,京都市上京区油小路通丸太町上る米屋町２７２番地５,上京区,簡易宿所,H28.6.7,34.9684803,135.8265259,1,41,3,83,6,109,13
id_2060,松葉家旅館,京都市下京区上珠数屋町通東洞院西入上珠数屋町３２９番地,下京区,旅館・ホテル,H25.3.13,34.9922301,135.7606032,2,0,22,75,0,30,5
id_2061,十縁居,京都市南区東九条柳下町５７番地２６，５７番地２１,南区,簡易宿所,H29.6.12,34.976652,135.7464037,3,0,5,24,2,31,0
id_2062,Jasmine １,京都市下京区高辻通大宮西入坊門町835番地1,下京区,簡易宿所,H28.2.10,34.9877014,135.7553899,40,0,25,62,2,77,1
id_2063,ＩＲＯＨＡ　ＳＴＡＹ　Ｋｙｏｔｏ　絢,京都市東山区三条通北裏白川筋東入堀池町３７３番地２６,東山区,簡易宿所,R7.11.28,34.9970931,135.7764641,6,2,5,91,12,43,4
id_2064,ＫＹＯＳＴＡＹいろは小紫３,京都市南区西九条針小路町２２番地８（東側）,南区,簡易宿所,R7.2.17,34.976652,135.7464037,12,0,9,52,4,61,1
id_2065,京町屋楓,京都市右京区西院西今田町１７番地１７,右京区,簡易宿所,R1.7.1,34.9896017,135.7784133,7,3,1,19,0,12,0
id_2066,オレンジ・イン,京都市下京区西七条北衣田町８,下京区,簡易宿所,H19.4.17,34.9877014,135.7553899,3,27,5,95,0,39,1
id_2067,心の郷・龍,京都市伏見区深草下横縄町２３番地１５（南側）,伏見区,簡易宿所,R1.9.12,34.9360647,135.7613284,0,15,0,33,0,56,0
id_2068,東福寺　翠邸,京都市東山区福稲柿本町１７番地１７,東山区,簡易宿所,R7.12.1,34.9970931,135.7764641,2,3,10,43,0,20,1
id_2069,Ｒｉｎｎ　Ｈｏｒｉｋａｗａ　Ｇｏｊｏ,京都市下京区堀川通松原下る柿本町５７３番地４，５７３番地２,下京区,簡易宿所,R2.8.14,34.9970546,135.7519516,0,4,7,30,0,12,0
id_2070,Ｄａｓｈ　Ｌｉｖｉｎｇ　Ｇｏｊｏ,京都市下京区六条通室町東入東魚屋町２３３番地,下京区,簡易宿所,R6.4.12,34.994059,135.7582926,2,2,14,49,0,19,0
id_2071,日和・大宮,京都市中京区壬生相合町８０番地６,中京区,簡易宿所,R6.9.30,34.9861909,135.7600629,6,47,18,89,3,83,7
id_2072,染　五条一貫町　アネックス,京都市下京区一貫町通松原下る上長福寺町２１７番地２,下京区,簡易宿所,R7.7.3,34.9877014,135.7553899,30,2,20,54,2,68,5
id_2073,旅館　大一イン,京都市中京区壬生上大竹町2-1,中京区,旅館・ホテル,S61.11.21,35.0103167,135.7512979,10,13,0,36,0,32,1
id_2074,民宿　嵯峨野,京都市右京区嵯峨釈迦堂門前南中院町１８番地,右京区,簡易宿所,H30.4.13,35.0226699,135.6726224,57,37,8,97,3,134,2
id_2075,京都祇園ユウベルホテル,京都市東山区清本町３５９番地１,東山区,旅館・ホテル,H31.1.4,34.9970931,135.7764641,43,16,35,88,15,117,5
id_2076,梅ノ戸庵　五条壬生川,京都市下京区櫛笥通丹波口下る裏片町１８１番地１９,下京区,簡易宿所,R1.9.9,34.9877014,135.7553899,4,35,43,96,3,93,7
id_2077,ＴＡＫＥＹＡ　ＮＩＳＨＩＪＩＮ,京都市上京区元誓願寺通千本東入元四丁目４２１番地,上京区,簡易宿所,H30.5.7,35.0294911,135.7565602,3,45,10,39,2,62,0
id_2078,福家・四季二条,京都市中京区聚楽廻西町１６３番地１３,中京区,簡易宿所,H29.12.28,35.0103167,135.7512979,24,5,1,65,0,47,8
id_2079,ＨＯＴＥＬ　ＶＭＧ　ＲＥＳＯＲＴ　ＫＹＯＴＯ　了以棟,京都市下京区木屋町通松原上る二丁目和泉屋町１６６番地,下京区,旅館・ホテル,R5.3.14,34.9877014,135.7553899,74,35,46,102,11,187,1
id_2080,京都高瀬川別邸北館,京都市下京区木屋町通正面下る十禅師町１９５番地，１９６番地，１９６番地４,下京区,旅館・ホテル,H30.9.5,34.8785236,135.7216564,3,25,5,85,3,46,7
id_2081,花屋旅館,京都市下京区仏光寺通西洞院西入木賊山町180-1,下京区,旅館・ホテル,S63.5.31,35.0107789,135.7637102,0,0,7,17,0,11,0
id_2082,京桜ハウス　京都駅店,京都市南区東九条上御霊町１２番地５,南区,簡易宿所,R1.5.7,34.976652,135.7464037,0,0,0,25,2,37,0
id_2083,梅ノ戸庵　堺町別邸,京都市下京区堺町通五条上る俵屋町２０５番地４,下京区,簡易宿所,H29.2.23,34.9877014,135.7553899,0,12,20,65,0,39,5
id_2084,牛若丸,京都市下京区三ノ宮町通上ノ口上る岩滝町２２０番地５,下京区,簡易宿所,H30.12.26,34.9877014,135.7553899,32,33,83,111,3,170,7
id_2085,祇園白川 「香祇」,京都市東山区智恩院新門前大和大路東入二丁目中之町２３６番地２,東山区,簡易宿所,H30.11.29,35.0108131,135.7683425,3,9,22,74,1,50,0
id_2086,,京都市下京区和気町４番地１,下京区,施設外玄関帳場,,34.9877014,135.7553899,15,0,2,57,2,33,1
id_2087,東福イン　佑京,京都市南区西九条東島町１６番地１４,南区,簡易宿所,R6.12.11,34.976652,135.7464037,4,2,0,31,0,15,0
id_2088,リバーサイド嵐山,京都市西京区嵐山中尾下町１０番地，１１番地,西京区,簡易宿所,R2.10.26,34.9850637,135.693201,7,44,5,78,9,108,0
id_2089,,京都市南区西九条蔵王町１１番地（家屋番号 ７６番の２）,南区,施設外玄関帳場,,34.976652,135.7464037,21,2,14,77,6,156,2
id_2090,Machiya Maya Gion,京都市東山区建仁寺町四条下る四丁目小松町５６２番地１１,東山区,簡易宿所,H28.4.15,34.9970931,135.7764641,18,1,0,51,1,22,1
id_2091,株式会社鶴清,京都市下京区木屋町通五条上る下材木町451,下京区,旅館・ホテル,S26.11.29,35.0107789,135.7637102,24,5,77,79,0,133,7
id_2092,ＲＥＳＩＳＴＡＹ　ＮＩＳＨＩＪＩＮ,京都市上京区千本通中立売上る西中筋町１１番地,上京区,簡易宿所,R2.1.9,35.0294911,135.7565602,2,58,40,90,1,112,7
id_2093,香柏　大徳寺前,京都市北区紫野下門前町３２番地３,北区,簡易宿所,R1.12.24,35.016859,135.764463,12,0,0,31,0,21,0
id_2094,美盧京都二条ホテル,京都市中京区西ノ京勧学院町２０番地１,中京区,簡易宿所,R6.3.27,35.0103167,135.7512979,32,6,0,55,2,59,13
id_2095,有限会社　寺谷,京都市左京区花脊原地町291,左京区,旅館・ホテル,S49.10.26,35.0108986,135.7688702,8,4,1,37,2,24,1
id_2096,ＨＯＴＥＬ　Ｃｌａｍ　Ｃｈｏｗｄｅｒ,京都市中京区御幸町三条下る海老屋町327,中京区,旅館・ホテル,S51.10.19,35.0103167,135.7512979,37,54,7,94,0,106,7
id_2097,伏水舎,京都市伏見区平野町８２番地２,伏見区,簡易宿所,H29.5.2,35.0107789,135.7637102,6,6,22,64,6,51,1
id_2098,ＮＡＺＵＮＡ　京都　椿通　ＨＡ－１８,京都市下京区高辻通大宮西入坊門町８３６番地１８,下京区,簡易宿所,R2.4.24,34.9877014,135.7553899,19,3,29,62,2,71,13
id_2099,ＮＡＺＵＮＡ　京都　椿通　ＭＩＺＵ－２,京都市下京区高辻通大宮西入坊門町８３６番地２,下京区,簡易宿所,R2.6.10,34.9877014,135.7553899,51,90,35,90,3,197,18
id_2100,サンメンバーズ　京都嵯峨,京都市右京区嵯峨広沢南野町27番地1,右京区,旅館・ホテル,S55.12.25,35.020711,135.692019,22,2,4,53,1,47,0
id_2101,ホテル　エムズ・エスト四条烏丸,京都市下京区東洞院通四条下る元悪王子町４１番地,下京区,簡易宿所,R1.11.25,34.9877014,135.7553899,4,5,32,90,4,84,18
id_2102,京華宿　本邸,京都市下京区松原通堀川西入北側来迎堂町７２１番地３,下京区,簡易宿所,H29.4.28,34.9897331,135.7605644,33,3,16,70,2,61,5
id_2103,泉　東山,京都市東山区三条通北裏白川筋西入石泉院町４０５番地１０,東山区,簡易宿所,R3.8.5,34.9970931,135.7764641,0,8,7,34,2,17,0
id_2104,,京都市下京区河原町通上ノ口東入大工町４９５番地３，４９５番地４,下京区,施設外玄関帳場,,34.9877014,135.7553899,24,25,29,71,0,89,7
id_2105,Ｃａｅｄｅ　ＨｏｔｅｌＫｙｏｔｏ　Ｓａｎｊｏ,"京都市東山区三条通大橋東二町目53-1,53-2,53-8,53-9,53-10,53-11,53-12",東山区,簡易宿所,H22.2.2,34.9970931,135.7764641,6,12,37,96,12,76,1
id_2106,農家民宿　きさく,京都市左京区久多宮の町１５２番地,左京区,簡易宿所,R1.8.19,35.0485352,135.7783697,0,0,5,42,0,30,3
id_2107,,京都市上京区一条通御前通西入三丁目西町４５番地,上京区,施設外玄関帳場,,35.0294911,135.7565602,11,58,6,84,6,130,1
id_2108,ＫＹＯＢＵ　清水,京都市東山区松原通産寧坂西入清水四丁目１７０番地３１,東山区,簡易宿所,H30.10.31,34.9970931,135.7764641,8,17,32,100,12,74,1
id_2109,一源,京都市下京区大宮通七条下る御器屋町７２番地山本ビル２階,下京区,簡易宿所,H31.1.18,34.9877014,135.7553899,1,10,12,45,0,25,1
id_2110,,京都市東山区東大路古門前上る高畑町５９８番地,東山区,施設外玄関帳場,,34.9970931,135.7764641,57,48,40,112,15,183,5
id_2111,東寺　流蘇,京都市南区西九条開ケ町１５０番地１,南区,簡易宿所,R7.5.22,34.976652,135.7464037,3,0,3,31,0,36,0
id_2112,Ｍａｋｉ’ｓ　ｒｅｔｒｅａｔ,京都市上京区油小路通中立売下る甲斐守町１２１番地１７,上京区,簡易宿所,R6.5.10,35.0294911,135.7565602,3,10,7,35,0,22,0
id_2113,フォションホテル京都,京都市下京区西木屋町通松原下る難波町４０６番地,下京区,旅館・ホテル,R3.3.1,34.9984901,135.7676417,1,8,7,34,0,20,1
id_2114,Ｒｉｎｎ　Ｇｉｏｎ　Ｋｅｎｎｉｎｊｉ　Ｎｏｒｔｈ,京都市東山区大和大路通四条下る三丁目博多町６７番地,東山区,簡易宿所,R2.8.11,34.9970931,135.7764641,57,16,5,85,18,116,4
id_2115,ＭＡＣＨＩＹＡ：ＳＡＵＮＡ　ＫＹＯＴＯ,京都市中京区西洞院通御池下る三坊西洞院町５６１番地，５６２番地,中京区,簡易宿所,R4.6.17,35.0103167,135.7512979,5,47,1,68,2,74,5
id_2116,ＡＮＡクラウンプラザホテル京都,京都市中京区堀川通二条下ル土橋町１０番地,中京区,旅館・ホテル,S61.5.8,34.9850601,135.7526928,21,8,1,27,0,34,0
id_2117,京都　出町柳,京都市左京区田中下柳町５番地９,左京区,簡易宿所,R1.6.6,35.0118489,135.7501042,12,7,19,56,0,51,0
id_2118,桜の宿　東寺千本,京都市南区唐橋高田町２０番地１１,南区,簡易宿所,H30.7.24,34.976652,135.7464037,3,2,34,74,0,133,0
id_2119,花楓舎,京都市南区唐橋川久保町３０番地４,南区,簡易宿所,R5.2.3,35.0733427,135.7563402,0,0,0,22,0,2,0
id_2120,ホテル エムズ・プラス四条大宮,京都市中京区四条通大宮西入錦大宮町１１４番地,中京区,簡易宿所,R6.2.28,35.0103167,135.7512979,40,11,8,95,0,87,10
id_2121,お宿　やおよろず中堂寺,京都市下京区中堂寺前田町１２番地１８,下京区,簡易宿所,H29.9.20,34.9877014,135.7553899,29,5,27,82,3,82,7
id_2122,,京都市伏見区深草稲荷鳥居前町２２番地１５,伏見区,施設外玄関帳場,,34.9360647,135.7613284,0,4,25,53,0,31,0
id_2123,伏見稲荷　美し,京都市東山区本町二十二丁目４９２番地１４,東山区,簡易宿所,R5.3.31,34.9970931,135.7764641,51,15,6,117,15,92,4
id_2124,稲荷凰庵　郷,京都市伏見区深草稲荷鳥居前町２２番地３,伏見区,簡易宿所,H29.10.11,34.9906344,135.8103438,12,28,46,57,0,91,0
id_2125,壬生英庵,京都市中京区壬生高樋町１７番地２５,中京区,簡易宿所,H30.3.20,35.0034302,135.7643406,126,12,10,118,3,180,18
id_2126,エムズホテル　京都駅ＫＩＺＵＹＡ,京都市下京区木津屋橋通油小路東入南町５０５番地,下京区,簡易宿所,R3.9.17,34.9877014,135.7553899,18,29,32,69,2,94,0
id_2127,,京都市東山区福稲御所ノ内町２　Mirei東福寺１Fテナント,東山区,施設外玄関帳場,,34.9970931,135.7764641,5,12,22,80,0,53,0
id_2128,アパホテル京都駅堀川通,京都市下京区油小路通塩小路下る西油小路町１番地,下京区,簡易宿所,R1.5.24,34.9222469,135.7726304,1,8,0,31,0,11,1
id_2129,minato hotel,京都市下京区松原通東洞院東入本燈籠町１３番地１,下京区,簡易宿所,H27.9.11,34.999053,135.76187,66,5,40,85,3,118,1
id_2130,フルスファーホテル,京都市東山区広道通松原上る四丁目毘沙門町４４番地４１,東山区,簡易宿所,H30.7.30,34.9970931,135.7764641,22,0,2,57,6,43,4
id_2131,鈴　夢見坂　夢子,京都市東山区八坂塔之下星野町９３番地１０,東山区,簡易宿所,H29.2.27,34.9982342,135.7781193,1,6,8,32,0,16,1
id_2132,京蘭－吉祥邸,京都市下京区不明門通五条下る上平野町４６０番地３,下京区,簡易宿所,R6.4.1,35.0037119,135.76876,2,3,3,22,0,11,0
id_2133,紡　東寺東門前,京都市南区東寺東門前町４１番地,南区,簡易宿所,R1.11.27,34.976652,135.7464037,17,1,12,69,4,66,2
id_2134,ＲＯＫＵ　ＫＹＯＴＯ，ＬＸＲ　Ｈｏｔｅｌｓ　＆　Ｒｅｓｏｒｔｓ,京都市北区衣笠鏡石町４４番地１,北区,旅館・ホテル,R3.8.24,35.0477278,135.7346119,32,1,5,70,1,47,1
id_2135,ＳＡＭＵＲＡＩ　ＨＯＵＳＥ,京都市南区西九条豊田町３８番地９,南区,簡易宿所,H29.5.1,34.976652,135.7464037,19,12,16,91,16,71,2
id_2136,花ノ坊　金閣寺道,京都市北区紫野南花ノ坊町４１番地３,北区,簡易宿所,H28.4.8,35.0409797,135.7541379,51,12,8,89,2,127,0
id_2137,風のや　咲楽,京都市下京区東中筋通七条下る大黒町250番地5,下京区,簡易宿所,H28.5.12,34.9877014,135.7553899,3,4,4,27,0,15,1
id_2138,０　ＩＮＮ 三条,京都市東山区三条通南二筋目白川筋西入二丁目進之町５９６番地５,東山区,簡易宿所,H30.11.5,34.9970931,135.7764641,96,14,27,78,2,155,3
id_2139,パークホテル京都御池,京都市中京区御池通室町西入西横町１８０番地,中京区,旅館・ホテル,R2.6.30,35.011114,135.757299,12,15,0,36,0,28,0
id_2140,ＨＯＴＥＬ　ＶＭＧ　ＲＥＳＯＲＴ　ＫＹＯＴＯ,京都市東山区下河原通八坂鳥居前下る下河原町４６３番地２３,東山区,旅館・ホテル,R2.8.12,34.9970931,135.7764641,7,16,6,90,15,49,4
id_2141,ＴＵＮＥ　ＳＴＡＹ　ＫＹＯＴＯ,京都市下京区七条通新町西入夷之町７０８番地,下京区,簡易宿所,R1.10.31,34.9877014,135.7553899,27,33,83,78,3,169,7
id_2142,京の宿　西屋,京都市中京区西ノ京職司町４７番地　（家屋番号１８番）,中京区,簡易宿所,R6.7.26,34.9684803,135.8265259,0,44,5,56,0,55,5
id_2143,あさひの家,京都市中京区壬生馬場町３８番地６　東側,中京区,簡易宿所,H31.1.29,35.0103167,135.7512979,34,41,1,85,3,81,0
id_2144,ゲストハウス花　祇園四条店,京都市下京区河原町通四条下る二丁目稲荷町３３５番地３階,下京区,簡易宿所,H30.5.7,34.9877014,135.7553899,8,0,8,42,0,24,0
id_2145,柏・東寺１,京都市南区西九条南田町２５番地１,南区,簡易宿所,H28.7.12,34.976652,135.7464037,2,9,8,68,4,63,1
id_2146,ホテル京阪　京都駅南,京都市南区東九条室町５５番地,南区,旅館・ホテル,R2.4.16,34.9838185,135.7576974,4,11,21,94,1,55,6
id_2147,Ｒ＆Ｒｕｎ　Ｋｙｏｔｏ　ｓｅｒｖｉｃｅｄ　ａｐａｒｔｍｅｎｔ＆ｓｕｉｔｅｓ,京都市中京区六角通柳馬場東入大黒町７２番地１京都六角Ｎビル６階,中京区,簡易宿所,H29.7.12,35.0103167,135.7512979,29,0,5,49,0,34,0
id_2148,八坂半,京都市東山区八坂塔之下星野町９３番地８,東山区,簡易宿所,H29.9.4,34.9970931,135.7764641,57,5,0,52,1,67,0
id_2149,ｈｏｎ,京都市下京区朱雀北ノ口町４１番地２,下京区,簡易宿所,R1.9.30,34.9877014,135.7553899,0,0,2,58,0,18,5
id_2150,月のリゾート・京都駅,京都市南区八条通壬生下る東寺町５１４番地,南区,簡易宿所,R6.5.30,34.976652,135.7464037,19,2,17,94,6,53,2
id_2151,古都庵,京都市下京区室町通五条下る二丁目堺町240-2,下京区,簡易宿所,H26.7.2,34.9934699,135.7139887,9,10,0,50,0,24,1
id_2152,ＴＨＥ　ＳＨＡＲＥ　ＨＯＴＥＬＳ　ＴＳＵＧＵ　京都三条,京都市中京区三条通高倉東入桝屋町７５番地,中京区,簡易宿所,H31.4.23,35.0087888,135.7638109,1,0,0,30,0,2,0
id_2153,京和民宿,京都市下京区木屋町通上ノ口下る富浜町１７８番地２,下京区,簡易宿所,H30.3.12,34.9877014,135.7553899,22,31,32,83,2,91,1
id_2154,至の宿　四条大宮,京都市下京区仏光寺通大宮西入坊門町８２３番地１１,下京区,簡易宿所,R6.6.27,34.9877014,135.7553899,27,27,40,85,0,104,7
id_2155,京三昧,京都市中京区聚楽廻西町１６３番地４２,中京区,簡易宿所,R2.2.10,35.0103167,135.7512979,0,8,1,25,1,15,0
id_2156,Racine home 京都,京都市下京区上珠数屋町通東洞院西入上珠数屋町３３４番地,下京区,旅館・ホテル,H30.12.26,34.9927139,135.7609601,7,1,7,41,0,22,1
id_2157,ＮＡＺＵＮＡ　京都　椿通　ＨＡＮＡ－９,京都市下京区高辻通大宮西入坊門町８３６番地９,下京区,簡易宿所,R2.3.31,34.9877014,135.7553899,3,7,7,32,0,21,0
id_2158,市,京都市中京区西ノ京星池町１９番地２１,中京区,簡易宿所,H29.3.21,34.9853497,135.758766,40,0,3,47,1,53,3
id_2159,田なかや,京都市下京区松原通室町東入玉津島町３０４番地,下京区,簡易宿所,R2.3.12,34.9877014,135.7553899,0,15,16,54,2,34,0
id_2160,御宿　らく,京都市中京区壬生東檜町９番地１０,中京区,簡易宿所,H28.9.20,35.0103167,135.7512979,126,8,9,73,0,159,1
id_2161,季・針小路ｂ,京都市南区西九条針小路町２９番地４，２９番地５　東側,南区,簡易宿所,R3.2.12,34.976652,135.7464037,15,1,34,81,16,71,2
id_2162,ホテル京阪京都グランデ,京都市南区東九条西山王町３１,南区,旅館・ホテル,S59.2.29,34.976652,135.7464037,21,1,11,79,4,39,1
id_2163,ＣＡＬＭ　ＳＴＡＹ　伏見稲荷,京都市伏見区深草下横縄町２３番地１７,伏見区,簡易宿所,R5.12.27,34.9360647,135.7613284,0,20,14,54,4,43,0
id_2164,朱雀　ききょう庵,京都市中京区西ノ京西月光町１８番地８,中京区,簡易宿所,H31.1.29,35.0103167,135.7512979,40,47,1,79,3,107,1
id_2165,夏嵐・二条南,京都市中京区壬生天池町３１番地１０　1階，2階,中京区,簡易宿所,R1.6.20,35.016859,135.764463,20,73,1,50,0,110,5
id_2166,京町家　楽遊　仏光寺東町,京都市下京区仏光寺通麩屋町西入仏光寺東町１０７番地,下京区,旅館・ホテル,H30.8.27,34.9958111,135.7620272,29,6,5,102,3,73,1
id_2167,京町家旅館うるし邸アネックス,京都市下京区高辻通柳馬場東入雁金町１６０番地高辻通麩屋町西入雁金町１５８番地,下京区,旅館・ホテル,H31.3.6,34.9877014,135.7553899,19,20,4,76,3,68,5
id_2168,ＨＯＴＥＬ　Ｒｅｉ,京都市東山区宮川筋三丁目２７６番地,東山区,簡易宿所,H23.1.17,34.9970931,135.7764641,8,2,1,27,2,15,1
id_2169,京都岡崎の町家　和“ＮＡＧＯＭＩ”,京都市左京区粟田口鳥居町３９番地４,左京区,簡易宿所,H29.9.4,35.0485352,135.7783697,22,11,2,84,16,64,7
id_2170,美盧　九条河原町邸,京都市南区東九条東札町２７番地３,南区,簡易宿所,R6.4.24,34.976652,135.7464037,8,1,7,44,2,22,0
id_2171,九条の宿,京都市南区西九条開ケ町１７９番地,南区,簡易宿所,R4.4.28,34.976652,135.7464037,43,14,2,85,1,65,0
id_2172,大泉寺・路地ｉｎｇ　藍,京都市上京区室町通鞍馬口下る森之木町４７５番地（家屋番号２３東側）,上京区,簡易宿所,R2.2.4,35.0294911,135.7565602,1,8,0,22,0,13,0
id_2173,ホテルミュッセ京都四条河原町名鉄,京都市中京区河原町通三条下る三丁目奈良屋町３０１番地１,中京区,旅館・ホテル,R2.10.12,35.006166,135.7689122,0,2,0,37,0,5,1
id_2174,ホテルマイステイズ京都四条,京都市下京区四条通油小路東入傘鉾町５２、５４－２、５４－３,下京区,旅館・ホテル,H20.2.18,34.9877014,135.7553899,4,5,6,85,0,22,7
id_2175,あずきや　セム,京都市東山区三条通白川橋東七丁目東分木町２７０,東山区,簡易宿所,H19.5.25,34.9970931,135.7764641,10,4,26,40,1,45,1
id_2176,近又,京都市中京区御幸町通四条上る大日町407,中京区,旅館・ホテル,S35.1.20,34.9861909,135.7600629,57,70,6,88,3,177,1
id_2177,小町家,京都市東山区三条通白川橋西入二筋目下る古川町５４３番地２,東山区,簡易宿所,H29.6.14,34.9861908,135.7601217,0,4,12,39,1,28,1
id_2178,Ｋａｒａｓｕｍａ亭,京都市中京区新町西洞院の間四条上る炭之座町４０６番地,中京区,簡易宿所,R2.11.26,34.9861909,135.7600629,29,0,5,78,0,53,0
id_2179,HANARé,京都市下京区仏具屋町通五条下る上錫屋町７４番地１の１，７４番地５,下京区,簡易宿所,R3.4.28,34.9877014,135.7553899,3,25,25,70,7,64,1
id_2180,Ｄｅｓｉｇｎ　Ｈｏｔｅｌ　京都　麩屋町,京都市下京区麩屋町通綾小路下る俵屋町２９１番地,下京区,簡易宿所,R2.7.14,34.9877014,135.7553899,2,15,16,66,2,36,0
id_2181,石長　松菊園東館,京都市中京区土手町通夷川上る東入末丸町284,中京区,旅館・ホテル,S57.10.21,35.0107789,135.7637102,16,15,2,44,1,35,0
id_2182,園　しのび宿,京都市東山区園町北側３４７番地１２６,東山区,簡易宿所,H28.5.24,34.9970931,135.7764641,1,4,7,39,2,15,0
id_2183,ＴＨＥ　ＧＥＮＥＲＡＬ　ＫＹＯＴＯ　四条新町,京都市中京区新町通錦小路上る百足屋町３９２番地,中京区,旅館・ホテル,R3.3.8,35.0103167,135.7512979,5,1,0,24,0,6,0
id_2184,京の宿　月光庵,京都市中京区西ノ京西月光町１８番地２０,中京区,簡易宿所,H28.8.2,35.0103167,135.7512979,0,2,0,47,0,3,0
id_2185,カーサ吉田本町,京都市左京区吉田本町２６番地７,左京区,簡易宿所,H27.12.9,34.9702482,135.6999189,3,2,2,76,6,59,1
id_2186,いちひめ,京都市下京区河原町通上枳殻馬場上る若宮町４６５番地,下京区,簡易宿所,H28.11.30,34.9877014,135.7553899,27,5,49,89,3,104,1
id_2187,ｇｕｅｓｔｈｏｕｓｅ 全日,京都市伏見区深草一ノ坪町２０番地２,伏見区,簡易宿所,R5.10.24,34.9936475,135.766494,10,10,29,83,15,127,2
id_2188,旅館　さんき,京都市下京区西新屋敷下之町２９,下京区,旅館・ホテル,H14.5.16,34.992647,135.7437,18,33,4,75,3,84,18
id_2189,京お宿　華,京都市南区東九条室町８番地９、８番地１０,南区,簡易宿所,H29.10.23,34.976652,135.7464037,24,2,51,85,6,97,2
id_2190,Ｇｕｅｓｔｈｏｕｓｅ　花咲,京都市下京区木屋町通松原上る二丁目和泉屋町１６２番地　５階,下京区,簡易宿所,H30.12.26,35.009244,135.7453093,47,0,64,82,3,133,18
id_2191,Ｒｉｎｎ　Ｈｏｓｔｅｌ　Ｍｉｙａｇａｗａｃｈｏ,京都市東山区宮川筋四条下る宮川筋三丁目２９１番地５，２９１番地１,東山区,簡易宿所,R2.5.7,35.0003365,135.7708529,10,8,26,41,0,68,0
id_2192,ホテルテトラ京都駅前,京都市南区西九条池ノ内町９４番地３，９４番地４,南区,旅館・ホテル,R1.6.20,34.976652,135.7464037,24,13,23,105,1,79,2
id_2193,柚子屋旅館,京都市東山区四条通大和大路東入祇園町南側５４５番地,東山区,旅館・ホテル,H19.6.12,35.0032485,135.7774139,40,12,27,78,30,109,0
id_2194,ホテル　パルコ,京都市山科区上花山坂尻107-14,山科区,旅館・ホテル,S60.2.8,34.9723125,135.8136133,1,23,0,58,0,25,0
id_2195,九　ここのえ,京都市上京区出水通智恵光院西入田村備前町２１８番地,上京区,簡易宿所,R2.4.13,35.0294911,135.7565602,0,10,0,26,1,16,1
id_2196,宮川町の宿　澤食,京都市東山区宮川筋蛭子図子下る宮川筋四丁目３２０番地,東山区,簡易宿所,H30.10.2,34.9970931,135.7764641,0,8,0,65,0,17,0
id_2197,花の戸,京都市下京区木屋町通松原上る美濃屋町182,下京区,旅館・ホテル,S24.7.15,35.049365,135.7808059,12,2,14,56,0,59,3
id_2198,三木半旅館,京都市中京区六角通麩屋町東入八百屋町96.97,中京区,旅館・ホテル,S60.5.30,35.0103167,135.7512979,61,132,9,106,0,220,1
id_2199,ふじたや,京都市下京区中堂寺藪ノ内町22-4，22-5，12-5，12-6,下京区,簡易宿所,H26.7.29,34.9896719,135.7341233,12,18,3,67,0,47,13
id_2200,Ｋｕｊｏ　Ｓｔａｙｓ　竹,京都市南区東九条中殿田町８番地,南区,簡易宿所,H27.10.20,34.976652,135.7464037,2,1,22,46,2,70,0
id_2201,大原温泉　湯元のお宿　民宿　大原山荘,京都市左京区大原草生町１７番地,左京区,旅館・ホテル,H11.4.12,35.0485352,135.7783697,24,2,23,118,10,101,1
id_2202,Homm Stay Nagi Shijo Kyoto,京都市中京区油小路通四条上る藤本町５５７番地,中京区,旅館・ホテル,R4.11.14,35.004076,135.753827,7,0,1,29,0,25,1
id_2203,京まいまい,京都市南区西九条豊田町３８番地９,南区,簡易宿所,R1.11.8,34.976652,135.7464037,13,5,2,53,2,27,1
id_2204,旅館　北野家,京都市左京区古川町通仁王門下る東門前町５２４番地,左京区,旅館・ホテル,R7.10.8,35.0107789,135.7637102,3,1,2,21,0,6,0
id_2205,ＲＯＯＴＳ-ｕｍａ-,京都市右京区京北比賀江町勝山５７番地,右京区,簡易宿所,R2.2.14,35.0101794,135.7159781,7,33,6,71,3,106,0
id_2206,ゲストハウス栞,京都市南区東九条中札辻町２７番地４,南区,簡易宿所,H29.1.10,35.0204264,135.7478589,25,18,4,94,10,86,2
id_2207,Ｍｕｌａｎ　Ｓｔａｙ　嵯峨嵐山,京都市右京区嵯峨天龍寺造路町６番地１８,右京区,簡易宿所,R6.9.10,35.0101794,135.7159781,12,0,0,43,0,39,0
id_2208,京蘭　紫竹邸,京都市南区東九条南山王町３０番地３、３０番地４,南区,簡易宿所,R6.12.2,35.0037162,135.7696096,27,15,40,80,8,203,4
id_2209,鈴　プレミアム　飛雲Ⅱ,京都市下京区北小路通新町西入井筒町６５４番地（北から２軒目）,下京区,簡易宿所,R2.6.30,34.9877014,135.7553899,6,0,10,44,0,17,1
id_2210,きんなべ,京都市東山区大和大路通四条下る三丁目博多町68,東山区,旅館・ホテル,S43.5.27,35.0012534,135.7727301,133,2,32,96,15,211,10
id_2211,Ｋｙｏｔｏ　Ｇｉｏｎ　Ｔｏｕｒｉｓｔ　Ｈｏｕｓｅ,京都市東山区広道通松原上る四丁目毘沙門町４４番地１６,東山区,簡易宿所,R2.9.16,34.9970931,135.7764641,7,2,64,81,12,99,4
id_2212,ホテルトラベルティン京都木屋町,京都市下京区西木屋町通松原下る難波町４０３番地１,下京区,旅館・ホテル,R3.7.8,34.9877014,135.7553899,19,4,40,85,7,88,7
id_2213,,京都市南区久世上久世町８０５番地１０６,南区,施設外玄関帳場,,34.976652,135.7464037,5,0,1,17,2,24,0
id_2214,優宿＠伏見稲荷,京都市伏見区深草ヲカヤ町３２番地１５,伏見区,簡易宿所,H31.4.10,34.9765793,135.7013811,13,82,32,92,3,142,2
id_2215,ＫＯＫＯ　ＨＯＴＥＬ　京都四条烏丸,京都市下京区高辻通烏丸西入骨屋町319番地，319番地1，319番地2，319番地3，321番地1，321番地2室町通高辻上る山王町565番地，567番地,下京区,旅館・ホテル,H30.8.8,34.9877014,135.7553899,24,3,5,78,3,37,1
id_2216,民宿　古梅川,京都市東山区三条通北裏白川筋西入ル２丁目東姉小路町４１４－９,東山区,簡易宿所,H25.10.25,35.0300858,135.7454086,2,5,12,46,1,28,0
id_2217,イエノ家,京都市下京区高倉通松原下る西入福田寺町４９番地１，４９番地２,下京区,簡易宿所,H30.11.29,34.9877014,135.7553899,25,37,5,103,7,85,10
id_2218,コンフォートホテル京都堀川五条,京都市下京区醒ケ井通五条下る泉水町１３４番地２,下京区,旅館・ホテル,R3.3.23,34.9877014,135.7553899,0,20,10,38,0,57,1
id_2219,映・東寺金堂,京都市南区八条源町６８番地１５,南区,簡易宿所,H30.3.27,34.9330478,135.7644517,30,16,23,83,8,150,4
id_2220,里,京都市下京区若宮通六条西入上若宮町９３番,下京区,簡易宿所,H21.4.21,34.9877014,135.7553899,0,0,0,28,0,0,0
id_2221,京蘭　星雅邸,京都市東山区伏見街道筋五条上る金屋町５４６番地、５４６番地８,東山区,簡易宿所,R6.9.11,35.016859,135.764463,6,10,5,73,12,73,7
id_2222,ＳＯＷＡＫＡ　新館,京都市東山区下河原通八坂鳥居前下る上弁天町４４６番地,東山区,簡易宿所,H31.3.13,34.9970931,135.7764641,29,0,58,62,0,104,4
id_2223,京蘭　瑠璃邸,京都市南区東九条北松ノ木町３５番地３、３５番地５,南区,簡易宿所,R6.5.24,35.0037119,135.76876,1,0,3,30,0,25,0
id_2224,宿や　平岩,京都市下京区二ノ宮町通上ノ口上る早尾町314番地,下京区,旅館・ホテル,H28.1.27,34.9877014,135.7553899,6,1,8,41,0,16,1
id_2225,Ｍｙ　Ｋ　Ｈｏｕｓｅ,京都市下京区河原町通松原上る清水町２９０番地１,下京区,簡易宿所,H30.2.14,34.9996632,135.7683242,3,3,1,18,0,12,0
id_2226,京蘭　紫苑邸,京都市南区東九条明田町４２番地（家屋番号：１１６番）,南区,簡易宿所,R7.3.27,35.0037119,135.76876,27,1,0,57,3,82,1
id_2227,hotel bolam kyoto,京都市中京区聚楽廻東町８番地３,中京区,簡易宿所,R7.7.1,35.0103167,135.7512979,16,15,3,38,0,39,1
id_2228,アパホテル　京都駅前,京都市下京区西洞院通塩小路下る南不動堂町８０６番地,下京区,簡易宿所,H31.4.25,34.9864173,135.7550647,3,56,27,76,0,95,5
id_2229,悠然居,京都市右京区西院東今田町３７番地２,右京区,簡易宿所,R7.5.30,35.0101794,135.7159781,2,2,2,39,1,55,0
id_2230,スウィーツホテル　プリマヴェーラ,京都市西京区大枝沓掛町２２番地１０,西京区,簡易宿所,H19.6.12,34.9850637,135.693201,3,20,0,40,1,33,1
id_2231,Ｏｍｏｉｄｅ　思い出,京都市東山区三条通北裏白川筋西入二丁目東姉小路町４１５番地７,東山区,簡易宿所,R2.8.12,34.9970931,135.7764641,126,15,32,85,2,192,1
id_2232,ＭＩＭＡＲＵ京都　ＳＴＡＴＩＯＮ,京都市南区東九条東山王町１５番地１,南区,簡易宿所,R1.6.25,34.9842347,135.7617009,3,0,3,25,0,19,0
id_2233,光雲寺　閑雲庵,京都市左京区南禅寺北ノ坊町５９番地,左京区,簡易宿所,H28.3.24,35.0733427,135.7563402,25,43,23,84,8,132,1
id_2234,ＭＯＤＥＲＮ　ＭＡＣＨＩＹＡ,京都市中京区壬生高樋町４５番地４,中京区,簡易宿所,R1.6.17,35.0103167,135.7512979,43,8,7,84,3,83,10
id_2235,ＲＥＳＩＳＴＡＹ　Ｖｉｌｌａ　Ｓｉｌｋｔｒｅｅ,京都市下京区富小路通花屋町下る唐物町４４６番地,下京区,簡易宿所,R2.4.22,34.9877014,135.7553899,22,23,4,83,0,56,5
id_2236,八平,京都市東山区下河原高台寺門前下河原町463-26,東山区,旅館・ホテル,S47.5.18,34.9970931,135.7764641,63,0,3,62,6,83,3
id_2237,園　久楽,京都市東山区松原通大和大路東入二丁目轆轤町１０８－１，１０４－４,東山区,簡易宿所,H24.6.8,35.003253,135.7571622,48,38,6,95,2,105,4
id_2238,甚右衛門,京都市北区紫野十二坊町４番地,北区,簡易宿所,H29.8.8,35.0733427,135.7563402,1,0,0,34,4,10,1
id_2239,夏様・二条,京都市中京区西ノ京船塚町１６番地４,中京区,簡易宿所,R2.7.2,35.0068624,135.7560592,7,0,0,26,0,8,0
id_2240,ＴＡＢＩＴＡＢＩ　ＳＴＡＹ　御前太子道,京都市中京区西ノ京右馬寮町８番地４４,中京区,簡易宿所,R2.9.8,35.0103167,135.7512979,1,0,0,40,0,12,0
id_2241,ＮＡＺＵＮＡ　京都　椿通　ＨＡＮＡ－１１,京都市下京区高辻通大宮西入坊門町８３６番地１１,下京区,簡易宿所,R2.3.31,34.9877014,135.7553899,18,4,32,90,1,101,1
id_2242,祇園八坂ゲストハウスＳＡＹＡ,京都市東山区四条通大和大路東入祇園町北側３２２番地２,東山区,簡易宿所,H29.4.10,34.9970931,135.7764641,0,0,3,23,4,12,0
id_2243,梅庵,京都市東山区新橋通大和大路東入元吉町５５番地２,東山区,簡易宿所,H30.10.31,35.0733427,135.7563402,4,10,0,73,12,33,4
id_2244,あじさい,京都市北区紫野中柏野町６２番地８,北区,簡易宿所,H29.8.8,35.0409797,135.7541379,9,3,2,94,39,80,6
id_2245,京町家雅　清水別邸,京都市東山区松原通広道東入清水四丁目１７２番地１１,東山区,簡易宿所,H30.2.21,34.9970931,135.7764641,43,16,90,95,15,170,4
id_2246,京一軒町家　染　ＳＥＮ　大宮五条　は,京都市下京区下松屋町通松原下る上長福寺町２４６番地５,下京区,簡易宿所,H31.4.23,34.9877014,135.7553899,2,2,0,72,0,26,5
id_2247,好運屋,京都市上京区仁和寺街道千本東入西富仲町６８５番地,上京区,簡易宿所,H29.1.27,35.0522333,135.7891392,0,1,0,25,0,6,0
id_2248,花禮,京都市東山区下河原通八坂鳥居前下る下河原町４８９番地３,東山区,簡易宿所,H28.6.22,35.0107739,135.7160984,40,2,35,104,39,146,10
id_2249,山崎屋　別館,京都市南区西九条寺ノ前町１０番地１（家屋番号１０番１の１）,南区,簡易宿所,R4.10.28,34.9850601,135.7526928,3,11,2,71,0,30,1
id_2250,Ａｎｄｎｅｘｔ　Ｈｏｌｉｄａｙ　Ｈｏｕｓｅ　－　Ｃｒｙｓｔａｌ,京都市南区東九条明田町３１番地１１,南区,簡易宿所,R7.11.13,34.976652,135.7464037,0,0,3,26,0,24,0
id_2251,鈴　プレミアム　光輝西,京都市下京区油小路通五条下る中金仏町２０４番地４,下京区,簡易宿所,R1.11.28,34.9877014,135.7553899,11,1,0,24,0,13,0
id_2252,ハレ京都丹波口,京都市下京区西新屋敷下之町２０番地，２０番地１，２２番地１,下京区,簡易宿所,R1.12.26,34.9877014,135.7553899,22,39,104,83,3,228,25
id_2253,安之居,京都市東山区大仏南門通大和大路西入蒔田町５５４番地１６,東山区,簡易宿所,R1.10.11,35.0037119,135.76876,43,10,29,76,0,91,7
id_2254,ぴーすはうす桜,京都市東山区大和大路通五条上る東入門脇町１８８番地１，１９３番地１２,東山区,簡易宿所,H26.1.14,34.9970931,135.7764641,43,13,5,92,12,101,1
id_2255,六波羅Ｉｎｎ,京都市東山区松原通大和大路東入二丁目轆轤町１０１番地３６,東山区,簡易宿所,H28.10.18,34.9970931,135.7764641,48,2,6,107,12,75,5
id_2256,州永乃宿　祇園,京都市東山区建仁寺町四条下る四丁目小松町５６３番地１４,東山区,簡易宿所,R7.7.10,35.0004986,135.7607506,34,0,27,60,12,75,1
id_2257,松井別館　花かんざし,京都市中京区六角通高倉東入堀之上町１２６,中京区,旅館・ホテル,S48.9.20,35.0103167,135.7512979,0,6,0,58,2,10,1
id_2258,やまと旅館,京都市下京区朱雀正会町15,下京区,旅館・ホテル,S52.7.22,35.021968,135.7468828,0,15,2,55,1,29,3
id_2259,二条式部庵　ｂｙ　宿ル　ＫＹＯＴＯ　ＨＡＮＡＲＥ,京都市中京区西ノ京式部町２２番地５,中京区,簡易宿所,H31.2.20,35.0103167,135.7512979,0,15,3,44,1,31,1
id_2260,永巧舎五号館,京都市中京区壬生西大竹町２４番地（東側）,中京区,簡易宿所,H30.1.10,35.0103167,135.7512979,57,25,4,65,0,96,5
id_2261,宮崎屋,京都市上京区元誓願寺通智恵光院西入元中之町４９９番地,上京区,簡易宿所,H28.11.21,35.0229299,135.777149,11,62,27,77,16,136,7
id_2262,京都イン加茂川,京都市北区鞍馬口通り寺町東入鞍馬口町302-5.302-6,北区,簡易宿所,S55.8.13,35.0409797,135.7541379,37,10,1,70,2,61,0
id_2263,,京都市南区東九条北烏丸町２４番地８,南区,施設外玄関帳場,,34.976652,135.7464037,24,2,3,106,8,76,0
id_2264,紅葉二条,京都市中京区壬生上大竹町２７番地１８,中京区,簡易宿所,H30.9.28,35.0103167,135.7512979,20,28,4,49,2,58,0
id_2265,ＳＢホテル　清盛梅花,京都市下京区梅小路東中町８３番地１,下京区,簡易宿所,H30.3.14,34.9877014,135.7553899,2,20,29,79,0,58,5
id_2266,ダーワ・悠洛　京都,京都市東山区三条通大橋東入大橋町８４番地,東山区,旅館・ホテル,H31.4.22,34.9970931,135.7764641,103,2,4,81,1,113,1
id_2267,Ｒｉｎｎ Ｇｉｏｎ Ｓｈｉｒａｋａｗａ,京都市東山区大和大路通三条下る三丁目弁財天町２０番地，２２番地，２２番地１,東山区,簡易宿所,R3.12.28,35.006166,135.7726272,4,0,22,80,12,59,10
id_2268,久宿　東山,京都市東山区三条通南裏白川筋西入三丁目南西海子町４４３番地４,東山区,簡易宿所,R7.3.31,34.9970931,135.7764641,5,2,25,71,12,47,1
id_2269,星屋旅館　神泉の宿,京都市中京区神泉苑通御池下る神泉苑町２２番地,中京区,簡易宿所,R4.3.16,35.0103167,135.7512979,0,2,2,35,0,9,0
id_2270,京小宿　和魂,京都市東山区福稲下高松町１２番地１９,東山区,簡易宿所,H30.9.21,34.9970931,135.7764641,22,8,64,65,6,109,7
id_2271,季・松原　Ｔｏｋｉ　Ｍａｔｓｕｂａｒａ,京都市下京区松原通油小路東入天神前町３３６番地,下京区,簡易宿所,H30.6.27,34.9877014,135.7553899,9,4,1,27,0,19,1
id_2272,京わら天神,京都市北区平野宮西町６４番地７,北区,簡易宿所,H30.5.23,35.0409797,135.7541379,20,0,2,50,1,26,0
id_2273,プライベートレジデンス伏見稲荷,京都市伏見区深草ススハキ町１番地１２,伏見区,簡易宿所,H28.9.13,34.9959746,135.7759431,8,0,22,61,0,31,1
id_2274,GUESTHOUSE 星乃舎（ほしのやどり）,京都市東山区五条橋東六丁目５３８番地１４（２階）,東山区,簡易宿所,R7.1.28,34.9970931,135.7764641,32,1,25,79,30,91,1
id_2275,ＮＡＺＵＮＡ　京都　椿通　ＨＡ－１７,京都市下京区高辻通大宮西入坊門町８３６番地１７,下京区,簡易宿所,R2.4.24,34.9877014,135.7553899,27,31,43,88,4,115,7
id_2276,行灯離れ京都五条　Ａｎｄｏｎ　Ｈａｎａｒｅ　Ｋｙｏｔｏ　Ｇｏｊｏ,京都市下京区中堂寺北町３８番地６,下京区,簡易宿所,R2.7.15,34.9877014,135.7553899,13,25,25,70,3,71,0
id_2277,蛮子民宿　二条丸太町,京都市中京区聚楽廻中町３０番地２,中京区,簡易宿所,H30.7.5,35.0103167,135.7512979,32,47,8,87,3,110,7
id_2278,心宿,京都市伏見区深草飯食町８２４番地５,伏見区,簡易宿所,H30.11.15,34.9360647,135.7613284,0,97,3,69,6,176,1
id_2279,京都ぎおんの宿　みー,京都市東山区新門前通大和大路東入西之町２３１番地,東山区,簡易宿所,H28.11.14,34.9970931,135.7764641,40,11,27,80,12,94,4
id_2280,澄庵－九条,京都市南区東九条北松ノ木町２５番地４,南区,簡易宿所,R6.12.9,34.976652,135.7464037,0,0,2,27,1,8,0
id_2281,京都高瀬川の町家　Ｃａｎａｌ　Ｈｏｕｓｅ　Ｔａｋａｓｅｇａｗａ,京都市下京区七条通木屋町上る大宮町２０５番地６,下京区,簡易宿所,H30.12.26,34.9877014,135.7553899,5,10,0,38,0,16,0
id_2282,Ｒｉｎｎ　Ｍｉｙａｇａｗａｃｈｏ　Ｇｒａｎｄｅ,京都市東山区宮川筋四条下る宮川筋三丁目２７８番地１,東山区,簡易宿所,R1.6.24,35.0006826,135.7713958,0,12,0,49,0,15,2
id_2283,2254,京都市東山区宮川筋四条下る二丁目宮川筋二丁目２５４番地,東山区,旅館・ホテル,H31.4.15,34.9970931,135.7764641,5,9,36,56,6,67,2
id_2284,鶴居・二条,京都市中京区西ノ京星池町１９番地１２,中京区,簡易宿所,H29.11.15,35.0118489,135.7501042,0,0,2,24,1,5,0
id_2285,月　Ｔｓｕｋｉ,京都市下京区朱雀宝蔵町１０３番地,下京区,簡易宿所,H29.8.14,34.9953791,135.784411,3,14,1,34,0,25,0
id_2286,京町家　東山　和華葉　Ｐｒｉｖａｔｅ　Ｖｉｌｌａ　Ｋｙｏｔｏ　Ｗａｋａｂａ,京都市東山区本町九丁目１３６番地８,東山区,簡易宿所,R6.4.30,34.9970931,135.7764641,2,4,12,42,1,21,1
id_2287,雨山,京都市中京区西ノ京星池町１７番地３２,中京区,簡易宿所,R6.3.15,34.9861909,135.7600629,45,58,2,103,4,118,7
id_2288,ホテルメルディア四条河原町アネックス,京都市下京区寺町通仏光寺下る恵美須之町５３０番地,下京区,旅館・ホテル,R2.8.25,34.9877014,135.7553899,9,0,14,45,0,30,1
id_2289,長屋（チョウヤ）,京都市東山区五条橋東六丁目５８３番地５１,東山区,簡易宿所,H27.12.22,34.9970931,135.7764641,0,10,14,56,9,41,7
id_2290,Ｅｎｓｏ－ａｎ,京都市東山区東大路通渋谷上る東入常盤町４８２番地９,東山区,簡易宿所,H29.9.22,34.9970931,135.7764641,8,0,7,38,0,16,0
id_2291,ＴＨＥ　ＳＨＡＲＥ　ＨＯＴＥＬＳ　ＲＡＫＵＲＯ　京都,京都市中京区丸太町通室町東入常真横町１８６番地,中京区,旅館・ホテル,H30.5.7,35.0172038,135.7584591,32,37,5,74,2,86,1
id_2292,Ｓｔａｙ　ＳＡＫＵＲＡ　Ｋｙｏｔｏ　四条烏丸,京都市下京区西洞院通仏光寺下る本柳水町７７０番地２,下京区,簡易宿所,H30.8.6,34.9877014,135.7553899,0,8,8,44,0,21,0
id_2293,サンタナゲストハウス京都,京都市下京区七条御所ノ内中町４５－２,下京区,簡易宿所,R5.8.21,34.9877014,135.7553899,0,8,0,40,0,14,0
id_2294,ガーナ―ホテル京都四条烏丸,京都市下京区松原通烏丸東入南側俊成町４３８番・五条烏丸町３９７-３番,下京区,旅館・ホテル,H24.9.20,34.9877014,135.7553899,3,51,22,66,0,89,13
id_2295,Ｒｉｎｎ　Ｋｙｏｔｏ　Ｓｔａｔｉｏｎ,京都市下京区油小路通木津屋橋下る北不動堂町５２２番地、５２２番地７、５２２番地１４,下京区,旅館・ホテル,R4.7.22,34.9849413,135.7505527,2,0,7,16,0,10,0
id_2296,心の郷・梅,京都市伏見区深草下横縄町２３番地１５（北側）,伏見区,簡易宿所,R1.9.12,34.9360647,135.7613284,0,1,3,17,2,13,0
id_2297,ＫＡＭＯ　ＲＩＶＥＲ　７,京都市下京区七条通加茂川筋西入稲荷町４５３番地,下京区,簡易宿所,H29.3.23,34.9877014,135.7553899,6,1,8,38,0,23,4
id_2298,Ｒｏｋｋｏｎ　Ｇｕｅｓｔ　Ｈｏｕｓｅ,京都市中京区釜座通押小路下る下松屋町７２０番地５,中京区,簡易宿所,R2.4.14,35.0103167,135.7512979,0,7,1,24,0,8,0
id_2299,株式会社古知谷,京都市左京区大原小出石町716-2,左京区,旅館・ホテル,S51.7.13,35.0485352,135.7783697,4,6,0,27,1,19,0
id_2300,ＲＥＴＯＵＲ　ＫＹＯＴＯ（Ａ棟）,京都市右京区京北上黒田町倉谷２番地１（西棟）,右京区,簡易宿所,R4.8.15,35.0101794,135.7159781,40,12,2,43,1,85,0
id_2301,ｃｏｔｏ　ｈｏｕｓｅ,京都市中京区壬生賀陽御所町２０番地３,中京区,簡易宿所,H29.2.6,35.0103167,135.7512979,40,8,7,98,0,57,1
id_2302,トンボ,京都市左京区田中上柳町１４,左京区,簡易宿所,H17.2.24,35.0485352,135.7783697,0,0,0,74,0,7,5
id_2303,ＣＯＺＹ　ＨＯＭＥ　上七軒,京都市上京区五辻通六軒町西入溝前町９８番地,上京区,簡易宿所,R2.4.8,35.0294911,135.7565602,0,4,4,67,4,42,1
id_2304,渡月亭　碧川閣,京都市西京区嵐山中尾下町54-4,西京区,旅館・ホテル,S60.11.11,35.0112093,135.6777859,10,20,0,46,9,53,0
id_2305,旅館　東籬,京都市上京区笹屋町通千本東入笹屋町三丁目６３９番地,上京区,簡易宿所,H28.7.25,35.0107789,135.7637102,33,142,97,111,8,292,10
id_2306,からすま京都ホテル,京都市下京区烏丸通綾小路下る二帖半敷町652番地,下京区,旅館・ホテル,S58.10.11,35.0018726,135.7592114,8,13,46,48,1,70,1
id_2307,京都閑寂庵,京都市下京区中堂寺前田町５番地１３,下京区,簡易宿所,R3.11.11,34.9896017,135.7784133,3,0,5,26,0,10,1
id_2308,,京都市中京区西ノ京船塚町９番地２,中京区,施設外玄関帳場,,35.0103167,135.7512979,32,0,7,75,5,61,1
id_2309,レディースイン　京都,京都市下京区東洞院通七条下ル二丁目東塩小路町 547-6,下京区,簡易宿所,H8.8.16,35.0038169,135.7710802,3,5,4,29,0,13,0
id_2310,イビススタイルズ京都ステーション,京都市南区東九条上殿田町４７番地,南区,旅館・ホテル,H25.10.31,34.9837508,135.7583895,0,5,0,44,0,74,0
id_2311,時の宿・二条,京都市上京区丸太町通黒門東入藁屋町５３５番地６０,上京区,簡易宿所,R5.6.7,35.0294911,135.7565602,7,4,3,66,0,45,1
id_2312,Ｓｔａｙ　ＳＡＫＵＲＡ　Ｋｙｏｔｏ　禅,京都市下京区大宮通丹波口下る西側大宮一丁目５７２番地２，５７２番地３，５７２番地５,下京区,簡易宿所,H30.4.26,34.9877014,135.7553899,25,6,35,91,3,71,1
id_2313,「京の温所」御所西,京都市上京区衣棚通椹木町上る門跡町２９１番地,上京区,簡易宿所,R1.9.19,35.0084696,135.7433802,0,28,2,70,0,56,0
id_2314,京乃宿　杉山,京都市南区八条源町６８番地９,南区,簡易宿所,R6.4.11,34.9887948,135.7686956,17,11,18,76,0,71,4
id_2315,千代　白川柳,京都市東山区林下町４５２番地３（家屋番号１６番の南方２号）,東山区,簡易宿所,R3.11.9,35.0107789,135.7637102,61,20,40,101,18,144,5
id_2316,京川,京都市上京区猪熊通丸太町下る中之町５１９番地２９５戸１棟長屋の東から２軒目,上京区,簡易宿所,R1.12.12,34.9861909,135.7600629,2,10,7,29,1,25,4
id_2317,Ｋyoto　Ｔraditional　Ｍachiya Ｈouse,京都市中京区壬生松原町６１番地１,中京区,簡易宿所,H28.11.29,35.0103167,135.7512979,12,15,0,36,1,32,1
id_2318,柏・和美居,京都市伏見区深草鈴塚町２番地１８,伏見区,簡易宿所,R5.12.5,35.0069731,135.7875774,0,4,16,47,4,136,1
id_2319,太陽生命ナレッジセンター,京都市上京区猪熊通丸太町上る木屋之町４９１番地１，４９１番地２,上京区,簡易宿所,H31.2.13,35.0294911,135.7565602,16,23,0,48,0,73,8
id_2320,ゲストハウス榮都,京都市右京区西院坤町５５番地,右京区,簡易宿所,R5.1.17,35.0204264,135.7478589,3,13,0,60,1,27,2
id_2321,下宿屋　湯浅（Ｇｅｓｙｕｋｕｙａ－Ｙｕａｓａ）,京都市左京区吉田下阿達町３１番地２８,左京区,簡易宿所,H29.7.11,35.0485352,135.7783697,62,2,24,83,8,166,10
id_2322,京都新阪急ホテル,京都市下京区塩小路通新町東入ル東塩小路町５７９,下京区,旅館・ホテル,S56.6.25,34.9875769,135.7576537,21,4,5,70,3,55,13
id_2323,東福　東寺駅,京都市南区西九条島町５３番地３,南区,簡易宿所,R2.9.7,34.9861909,135.7600629,0,10,37,61,4,54,0
id_2324,八重家　河原町,京都市下京区土手町通上ノ口下る大工町４８６番地３,下京区,簡易宿所,H31.1.9,34.992614,135.7645127,0,12,12,40,1,28,1
id_2325,星屑　風鈴,京都市中京区六角通猪熊西入鍛冶屋町３５１番地,中京区,簡易宿所,H30.6.18,35.0170825,135.7504508,51,161,8,87,0,230,7
id_2326,Ｍｉｎｎ　祇園鴨川,京都市東山区三条通大橋東二町目５３番地１,東山区,簡易宿所,R7.3.31,34.9970931,135.7764641,48,13,46,100,2,136,1
id_2327,ゲストハウス花筏,京都市南区東九条西札辻町１５番地９,南区,簡易宿所,R2.4.28,35.0300858,135.7454086,4,14,17,82,1,218,2
id_2328,町宿枩邑,京都市伏見区京町北八丁目８２番地１,伏見区,旅館・ホテル,R1.11.22,34.9684803,135.8265259,1,13,3,18,1,29,0
id_2329,ＨＯＴＥＬ　ＬＥＧＡＳＴＡ京都東山三条,京都市東山区三条通大橋東五丁目西海子町４９番地,東山区,簡易宿所,R5.3.13,34.9970931,135.7764641,5,11,4,84,30,53,0
id_2330,御室会館,京都市右京区御室大内33,右京区,旅館・ホテル,S54.3.12,35.0286947,135.7153406,7,9,1,19,0,52,0
id_2331,ＨＯＴＥＬ　ＬｉＶＥＭＡＸ　京都二条城北,京都市上京区丸太町通松屋町東入左馬松町７７５番地,上京区,旅館・ホテル,H31.4.2,35.0294911,135.7565602,1,0,26,37,0,45,1
id_2332,美築　粟田,京都市左京区粟田口鳥居町２１番地１２,左京区,簡易宿所,R4.5.6,35.0485352,135.7783697,3,0,0,19,1,5,0
id_2333,ＴＨＥ　ＭＩＬＬＥＮＮＩＡＬＳ　ＫＹＯＴＯ,京都市中京区河原町通三条下る二丁目山崎町２３５番地（地下１階の一部，１階の一部，５～８階）,中京区,簡易宿所,H29.7.12,35.0074688,135.7689125,34,7,6,74,0,52,0
id_2334,四番町ゲストハウス,京都市上京区六軒町通中立売下る西入四番町１０６番地５,上京区,簡易宿所,R3.4.5,35.0294911,135.7565602,21,41,25,79,6,134,5
id_2335,ＹＡＤＯ　ＴＡＢＡＴＡ,京都市中京区油小路通丸太町下る大文字町４３番地８,中京区,簡易宿所,R7.5.14,35.0103167,135.7512979,0,8,3,31,0,17,0
id_2336,映月　ＥＡＳＴ　ｂｙ　宿ル　ＫＹＯＴＯ　ＨＡＮＡＲＥ,京都市東山区三条白川橋二筋目下る西入北木之元町５２０番地１,東山区,簡易宿所,H29.8.10,34.9970931,135.7764641,20,5,12,53,4,51,0
id_2337,狐一香,京都市伏見区深草秡川町１２番地１の２,伏見区,簡易宿所,H29.9.4,34.9360647,135.7613284,11,5,2,64,0,55,1
id_2338,孤舟,京都市北区紫野北舟岡町27番地184,北区,簡易宿所,H27.8.28,35.0733427,135.7563402,18,1,2,44,6,57,0
id_2339,Ｇｒａｎｄ　ｌａ　ｉｎｎ　ｅａｓｔ,京都市南区八条寺内町１６番地４、１６番地５（東側）,南区,簡易宿所,R6.1.19,34.976652,135.7464037,0,2,4,27,0,10,0
id_2340,花舎,京都市南区東九条南松ノ木町９番地８,南区,簡易宿所,H30.11.16,35.0733427,135.7563402,0,7,19,47,4,70,1
id_2341,奏　京都駅前,京都市南区東九条南山王町２６番地１,南区,簡易宿所,H30.6.12,34.976652,135.7464037,3,2,2,91,6,95,0
id_2342,西陣　季邸,京都市上京区今出川通大宮西入元北小路町１６８番地,上京区,簡易宿所,R7.6.20,34.9861909,135.7600629,2,8,1,23,0,20,0
id_2343,ＴＨＥ　ＪＵＮＥＩ　ＨＯＴＥＬ　京都御所西,京都市上京区東堀川通下長者町下る三町目１４番地,上京区,簡易宿所,H29.6.30,35.0294911,135.7565602,0,2,4,27,1,15,1
id_2344,喜むら家,京都市東山区大和大路通四条下る四丁目小松町572,東山区,旅館・ホテル,S44.8.21,34.9970931,135.7764641,0,6,2,54,0,13,0
id_2345,京町家の宿　壬生宿　ＭＩＢＵ－ＪＵＫＵ　七条梅小路,京都市下京区西酢屋町２番地,下京区,簡易宿所,H30.9.18,34.9877014,135.7553899,4,5,37,113,3,59,1
id_2346,Four Points Flex By Sheraton Kyoto Oike,京都市中京区堺町通押小路下る扇屋町６６１番地,中京区,簡易宿所,R6.11.15,35.0103167,135.7512979,6,106,1,83,0,118,1
id_2347,Ｋａｍｏｎ　Ｉｎｎ　Ｈｉｒａｔａｃｈｏ,京都市伏見区深草平田町１９番地８,伏見区,簡易宿所,H29.9.20,34.9360647,135.7613284,26,6,70,75,22,245,1
id_2348,近江,京都市東山区東大路松原上る四丁目毘沙門町44,東山区,旅館・ホテル,S34.8.8,34.9861909,135.7600629,18,0,2,49,4,25,0
id_2349,ＨＯＴＥＬ　Ｔｏｍｉｙａ　ｗｉｔｈ　Ｍ’ｓ,京都市下京区塩小路通烏丸東入東塩小路町５４５番地,下京区,旅館・ホテル,R6.3.27,34.9877014,135.7553899,17,4,0,64,3,32,5
id_2350,ゲストハウス『楽縁』,京都市中京区夷川通小川東入東夷川町６３６－８,中京区,簡易宿所,H23.6.29,35.0204264,135.7478589,4,13,2,16,0,22,0
id_2351,ＧＩＯＮ　ＨＯＵＳＥ,京都市東山区大和大路通四条下る四丁目小松町５６１番地１９,東山区,簡易宿所,H29.10.11,35.0002592,135.7751409,32,23,64,66,0,135,0
id_2352,ペンション北白川,京都市左京区北白川上別当町5-9,左京区,簡易宿所,S53.9.22,35.0485352,135.7783697,24,14,3,104,8,58,1
id_2353,ホテル本能寺,京都市中京区寺町通御池下る下本能寺前町５２２番地１９，４９２番地３,中京区,旅館・ホテル,R1.10.4,35.0105796,135.7683251,103,47,1,66,5,162,5
id_2354,Ｒａｋｕｔｅｎ　ＳＴＡＹ　ＫＹＯＭＡＣＨＩＹＡ　京都　七条大宮,京都市下京区西酢屋町１３番地３１,下京区,簡易宿所,R2.1.14,34.9877014,135.7553899,4,33,43,102,3,122,1
id_2355,京町屋の宿　天神庵,京都市下京区東中筋通五条上る天使突抜二丁目３８７番地２,下京区,簡易宿所,R1.12.10,34.9877014,135.7553899,24,5,4,75,3,39,1
id_2356,和み家　京都＿南円町,京都市中京区西ノ京南円町１２６番地,中京区,簡易宿所,H29.5.1,35.0103167,135.7512979,7,0,0,31,0,10,1
id_2357,ランドマークハヤシ,京都市中京区壬生森町５６番地８，５６番地９ランドマークハヤシ９Ｆ,中京区,簡易宿所,H30.7.9,35.0103167,135.7512979,61,74,9,83,1,146,1
id_2358,望清水,京都市東山区松原通清水寺門前清水一丁目２８８番地６,東山区,簡易宿所,H30.6.18,34.9970931,135.7764641,1,5,1,26,4,12,1
id_2359,正庵,京都市上京区大宮通鞍馬口下る筋違橋町５７６番地,上京区,簡易宿所,H27.9.7,35.0294911,135.7565602,5,44,25,71,4,92,0
id_2360,三井ガーデンホテル京都新町　別邸,京都市中京区新町通六角下る六角町３６１番地,中京区,旅館・ホテル,H26.3.24,35.006623,135.7568322,8,10,0,28,0,31,0
id_2361,Ｒｉｎｎ　四季十楽　九楽,京都市上京区下立売通油小路西入東橋詰町１８３番地３京都市上京区油小路通下立売上る近衛町１６５番地（家屋番号１８３番３　西から４軒目）,上京区,簡易宿所,R4.12.5,35.0294911,135.7565602,3,5,1,19,1,15,0
id_2362,旅荘　茶谷,京都市左京区大原草生町160,左京区,旅館・ホテル,S46.11.11,35.0485352,135.7783697,2,8,7,57,4,32,3
id_2363,ＳＨＩＢＡＩＮＮ　ＧＵＥＳＴＨＯＵＳＥ（柴苑）,京都市南区東九条北松ノ木町３９番地２７,南区,簡易宿所,H27.9.14,34.976652,135.7464037,16,0,6,40,2,57,0
id_2364,Ｓａｋｕｒａ　Ｒｉｖｅｒｖｉｅｗ　Ｇｉｏｎ,京都市東山区宮川筋四丁目３０７番地１,東山区,簡易宿所,R5.5.29,34.9970931,135.7764641,0,7,16,66,4,46,4
id_2365,京町家　ＯＮＥＷＯＲＬＤ　十条,京都市南区東九条南石田町６７番地（家屋番号１１８番）,南区,簡易宿所,R7.10.29,34.976652,135.7464037,17,0,0,69,6,97,1
id_2366,喜楽荘ゲストハウス,京都市中京区壬生下溝町１５番地３,中京区,簡易宿所,H29.2.22,35.0103167,135.7512979,13,1,1,24,0,19,0
id_2367,ハイアット プレイス 京都,京都市中京区両替町通夷川上る松竹町１２０番地,中京区,旅館・ホテル,R4.1.7,35.0103167,135.7512979,7,10,1,33,0,19,0
id_2368,Ｐｒｉｖａｔｅ　Ｒｅｓｉｄｅｎｃｅ　京都　天神町,京都市下京区間之町通花屋町下る天神町４１１番地,下京区,簡易宿所,R1.11.13,34.9877014,135.7553899,0,23,0,66,2,30,3
id_2369,東福イン　竹　東寺駅,京都市南区西九条川原城町５９番地２６,南区,簡易宿所,R3.12.8,34.976652,135.7464037,9,0,1,53,0,37,0
id_2370,ＰＡＳＳＡＧＥ　東山三条,京都市東山区三条白川筋西三筋南入高畑町６０２番地４,東山区,簡易宿所,H30.10.31,34.9970931,135.7764641,48,14,4,87,30,113,4
id_2371,サン・フェニ西院,京都市右京区西院平町３３－１,右京区,簡易宿所,H16.12.17,35.0101794,135.7159781,82,20,5,75,3,122,0
id_2372,ｃｏｃｏ　ｗａ　ｈｏｕｓｅ,京都市西京区下津林中島町１番地４２３,西京区,簡易宿所,H31.3.28,34.969356,135.714185,11,151,1,89,2,176,4
id_2373,聚楽第　ゆら,京都市中京区聚楽廻東町３１番地１０（北側）,中京区,簡易宿所,R6.10.11,35.0103167,135.7512979,34,6,6,75,3,62,7
id_2374,弘扇龍,京都市東山区高台寺南門通下河原東入桝屋町363番地の22,東山区,旅館・ホテル,H6.4.22,34.9861909,135.7600629,20,0,2,60,9,72,1
id_2375,慶有魚　松家,京都市下京区東高瀬川筋上ノ口上る聖真子町１７１番地１,下京区,簡易宿所,R2.3.31,35.0107789,135.7637102,51,56,4,86,5,124,7
id_2376,鈴　宮川町　椿,京都市東山区宮川筋四条下る宮川筋六丁目３７１番地,東山区,簡易宿所,H30.4.26,34.9979771,135.7700565,2,0,12,44,4,22,0
id_2377,清水京町家,京都市東山区新宮川通松原下る西御門町４６８番地,東山区,簡易宿所,R3.4.12,35.0107789,135.7637102,0,1,0,41,9,10,0
id_2378,京蘭　艶月邸,京都市南区東九条中殿田町１３番地１９,南区,簡易宿所,R7.8.18,35.0033678,135.7390103,47,11,18,95,8,183,0
id_2379,ＳＡＹＯＫＡ,京都市上京区五辻󠄀通六軒町西入溝前町８３番地１,上京区,簡易宿所,R5.3.9,35.0294911,135.7565602,6,0,16,48,2,51,5
id_2380,香柏　北ノ天満宮,京都市上京区御前通今出川上る二丁目北町６５１番地３０,上京区,簡易宿所,H30.5.14,35.0294911,135.7565602,9,62,97,86,6,178,1
id_2381,清水宿場,京都市東山区清水4丁目170番地4,東山区,簡易宿所,H28.3.30,34.9929507,135.7420192,54,16,6,92,30,130,4
id_2382,京都駅　西九条　ＯＮＥ,京都市南区西九条横町７４番地,南区,簡易宿所,R2.2.6,34.976652,135.7464037,30,12,16,97,8,177,2
id_2383,京都　ひまわり　Ｆａｍｉｌｙ　Ｈｏｕｓｅ,京都市右京区西院上今田町２０番地１　北側１階,右京区,簡易宿所,R2.9.16,35.0101794,135.7159781,6,31,1,95,0,94,2
id_2384,明月　Ｍｅｉｇｅｔｓｕ,京都市下京区下松屋町通松原下る三丁目藪之内町６２５番地９,下京区,簡易宿所,R1.8.6,34.9877014,135.7553899,2,0,0,51,1,12,3
id_2385,靈氣庵　京都綾小路,京都市下京区綾小路通醒ケ井西入西綾小路西半町８８番地,下京区,簡易宿所,H30.10.16,34.9877014,135.7553899,1,12,0,44,0,15,1
id_2386,大山　Ｇｕｅｓｔ　Ｈｏｕｓｅ　Ｋｙｏｔｏ,京都市西京区上桂宮ノ後町３１－７,西京区,簡易宿所,H24.1.17,35.0252839,135.7656189,0,41,6,70,1,52,3
id_2387,松石四条烏丸ホステル,京都市下京区仏光寺通新町通東入糸屋町２０９番地２,下京区,簡易宿所,H30.2.26,34.9877014,135.7553899,2,0,10,45,1,15,1
id_2388,京宿　卯乃花,京都市上京区御前通仁和寺街道下ル下竪町188,上京区,簡易宿所,H9.5.19,35.0294911,135.7565602,9,51,58,77,4,190,5
id_2389,リーガプレイス京都 四条烏丸,京都市下京区室町通高辻上る山王町５５１番地,下京区,旅館・ホテル,R5.3.13,34.9877014,135.7553899,51,31,27,85,3,121,7
id_2390,大泉寺・路地ｉｎｇ,京都市上京区室町通鞍馬口下る森之木町４７５番地,上京区,簡易宿所,H29.2.1,35.0294911,135.7565602,9,8,27,88,6,73,18
id_2391,金魚家,京都市上京区寺之内通北裏大宮西入三丁目歓喜町２４３番地,上京区,簡易宿所,H22.3.29,34.9861909,135.7600629,5,23,36,48,2,85,0
id_2392,嵯峨　一休,京都市右京区嵯峨大覚寺門前六道町72,右京区,簡易宿所,S51.10.30,35.0101794,135.7159781,0,0,2,29,0,7,0
id_2393,京蘭　檜木邸,京都市伏見区深草平田町１１番地９,伏見区,簡易宿所,R7.2.12,35.016859,135.764463,0,0,2,50,9,53,3
id_2394,零　ＩＮＮ　五条大宮,京都市下京区下松屋町通松原下る二丁目下長福寺町２７８番地３、２７８番地２,下京区,簡易宿所,R6.4.11,34.9877014,135.7553899,1,0,5,28,0,12,3
id_2395,ＮＡＺＵＮＡ　京都　椿通　ＩＷＡ－１４,京都市下京区高辻通大宮西入坊門町８３６番地１４,下京区,簡易宿所,R2.3.31,34.9877014,135.7553899,25,5,6,96,1,48,10
id_2396,Ｒｉｎｎ　Ｋａｍｉｅｂｉｓｕ,京都市下京区猪熊通三哲下る上夷町１５２番地，１５４番地,下京区,簡易宿所,H31.3.28,34.9864147,135.750609,27,31,2,50,0,63,0
id_2397,古都　杏洛　別館,京都市南区西九条横町７番地１,南区,簡易宿所,H31.1.11,34.976652,135.7464037,4,0,1,33,1,17,0
id_2398,京町家　柊山　宿,京都市下京区下松屋町通丹波口下る突抜二丁目３７０番地３,下京区,簡易宿所,R7.7.31,34.9877014,135.7553899,0,9,0,17,0,14,0
id_2399,ロイヤルツインホテル京都八条口,京都市南区東九条室町４６番地２,南区,簡易宿所,R2.1.22,34.9832579,135.7580544,22,11,2,82,1,59,2
id_2400,プライベートレジデンス京都東寺,京都市南区西九条東比永城町４６番地３,南区,簡易宿所,H28.9.21,34.9959746,135.7759431,17,11,13,83,12,56,0
id_2401,樂安居　院町　茜,京都市南区西九条院町２２番地３９　北側,南区,簡易宿所,R3.4.28,35.0034302,135.7643406,19,1,0,47,2,161,0
id_2402,ホテル杉長,京都市中京区富小路通御池上る守山町１７２番地,中京区,旅館・ホテル,R4.3.8,35.0103167,135.7512979,0,7,0,22,0,9,1
id_2403,ＯＲＩ　Ｋｙｏｔｏ,京都市下京区油小路通綾小路下る風早町５６６番地４,下京区,簡易宿所,R3.5.31,35.0020163,135.7534198,0,2,0,49,1,4,0
id_2404,Guesthouse KYOTO COMPASS,京都市下京区西七条市部町115番地,下京区,簡易宿所,H26.2.3,34.9877014,135.7553899,0,9,0,40,1,12,0
id_2405,ぎをん白川の宿　太鼓橋　ｂｙ　宿ル　ＫＹＯＴＯ　ＨＡＮＡＲＥ,京都市東山区智恩院古門前大和大路東入四丁目石橋町２９５番地,東山区,簡易宿所,H30.7.9,34.9970931,135.7764641,7,25,22,70,12,83,3
id_2406,,京都市南区東九条東御霊町５８番地１１　１Ｆ,南区,施設外玄関帳場,,34.976652,135.7464037,19,10,30,76,4,82,1
id_2407,ロマン館　アネックス,京都市下京区若宮通六条下る若宮町５４７番地２Ｆ,下京区,簡易宿所,H29.5.17,34.9877014,135.7553899,0,35,0,47,0,37,0
id_2408,京のｅｎ,京都市左京区北白川下別当町２０番地１，１８番地２,左京区,簡易宿所,H29.8.16,35.0485352,135.7783697,7,4,9,33,1,24,1
id_2409,アパホテル〈京都駅北〉,京都市下京区木津屋橋通新町西入東塩小路町５９７番地２,下京区,簡易宿所,R5.10.26,34.9864173,135.7550647,27,6,43,117,4,99,10
id_2410,ＴＳＵＭＵＧＵ,京都市下京区的場通新町東入銭屋町２５８番地８,下京区,簡易宿所,R6.8.8,34.9877014,135.7553899,0,13,20,61,1,48,0
id_2411,旅館　つき恵,京都市東山区園町南側５０１番地２,東山区,旅館・ホテル,R3.8.2,34.9970931,135.7764641,32,10,77,69,12,132,1
id_2412,源真庵,京都市南区八条源町６７番地４,南区,簡易宿所,H30.11.6,35.0037162,135.7696096,4,2,4,31,1,73,0
id_2413,Ｚｅｎ,京都市右京区太秦安井辰巳町１１番地１,右京区,簡易宿所,H29.1.26,35.0101794,135.7159781,3,2,3,62,0,221,1
id_2414,ＫＩＯＲＩ　Ｃｏｌｌｅｃｔｉｏｎ　Ｓｈｉｎｍａｃｈｉ,京都市下京区新町通仏光寺下る岩戸山町４１９番地,下京区,旅館・ホテル,R3.3.4,34.9877014,135.7553899,3,7,4,19,0,17,0
id_2415,ＳＡＫＵＲＡ　ＩＮＮ　１,京都市下京区油小路通綾小路下る風早町５６６番地１コーポ風早３０５,下京区,簡易宿所,R2.8.31,34.9877014,135.7553899,12,13,0,58,0,47,3
id_2416,八瀬かまぶろ温泉ふるさと,京都市左京区八瀬近衛町239,左京区,旅館・ホテル,S59.2.4,35.0485352,135.7783697,34,15,3,104,8,87,10
id_2417,花鈴　京小宿　ちよつる,京都市中京区錦小路通新シ町西入七軒町４７５番地３,中京区,簡易宿所,H29.9.1,35.0103167,135.7512979,20,20,10,49,1,54,0
id_2418,簡易宿所　ジャパンペンションマインドゲーム,京都市右京区嵯峨天龍寺車道町48-5,右京区,簡易宿所,S62.12.24,35.0101794,135.7159781,5,9,1,23,0,17,0
id_2419,京都ブライトンホテル,京都市上京区新町通中立売下る仕丁町３３０,上京区,旅館・ホテル,S63.6.24,35.024028,135.755977,0,0,4,18,1,9,0
id_2420,本町新五丁目サウス,京都市東山区本町新五丁目１６７番地６,東山区,簡易宿所,H28.2.22,34.9970931,135.7764641,18,7,14,54,0,46,4
id_2421,Ｇｕｅｓｔ　Ｈｏｕｓｅ　えにし,京都市南区東九条南山王町４９番地４，４９番地５,南区,簡易宿所,H29.12.12,34.981739,135.763671,0,3,0,33,0,12,0
id_2422,ＧｕｅｓｔＨｏｕｓｅ　嵯峨嵐山,京都市右京区嵯峨天龍寺瀬戸川町１０番地５,右京区,簡易宿所,H29.1.11,35.0101794,135.7159781,13,3,1,19,0,19,0
id_2423,鈴　プレミアム　光輝東,京都市下京区油小路通五条下る中金仏町２０４番地７,下京区,簡易宿所,R1.11.28,34.9877014,135.7553899,24,23,90,77,3,154,7
id_2424,旅館　若みや,京都市下京区七条通新町西入夷之町７０１番地,下京区,旅館・ホテル,H11.9.29,34.9877014,135.7553899,10,13,18,61,0,51,3
id_2425,エムズホテル　京都駅ＴＡＲＵＹＡ,京都市下京区猪熊通下魚ノ棚下る樽屋町３８１番地,下京区,簡易宿所,R3.9.17,34.9877014,135.7553899,6,10,12,39,0,37,4
id_2426,レントハウス西陣中忠,京都市上京区元誓願寺通浄福寺西入今出川町４６８番地１階,上京区,簡易宿所,H28.8.23,35.0294911,135.7565602,2,70,43,85,20,169,18
id_2427,紫野,京都市北区紫野門前町４４番地１０,北区,簡易宿所,H28.11.1,34.9861908,135.7601217,0,0,1,26,2,19,0
id_2428,柏町家,京都市下京区油小路通仏光寺下る太子山町５９３番地,下京区,簡易宿所,R2.9.3,35.0118489,135.7501042,34,106,7,93,0,157,1
id_2429,初心庵,京都市下京区河原町通上枳殻馬場上る若宮町４６５番地,下京区,簡易宿所,R1.12.5,35.049365,135.7808059,1,1,0,41,1,4,1
id_2430,たわら庵,京都市中京区富小路通二条下る俵屋町１９０番地,中京区,簡易宿所,H28.11.2,35.0103167,135.7512979,51,54,10,108,3,127,7
id_2431,友鶴,京都市東山区三条通南裏二筋目白川筋西入堤町４９９番地１,東山区,簡易宿所,H28.11.9,34.9861908,135.7601217,6,1,27,79,30,89,3
id_2432,Ｂｏｕｔｉｑｕｅ　ＨＯＴＥＬ　癒し　清水五条,京都市東山区宮川筋七丁目３９２番地、３９５番地,東山区,簡易宿所,R5.11.2,34.9970931,135.7764641,48,11,29,88,2,121,4
id_2433,三井ガーデンホテル京都河原町浄教寺,京都市下京区寺町通四条下る貞安前之町６２０番地,下京区,旅館・ホテル,R2.9.11,35.0028925,135.7672223,27,31,49,89,3,140,10
id_2434,ファーイースト松原　ｂｙ　宿ル　ＫＹＯＴＯ　ＨＡＮＡＲＥ,京都市東山区松原通大和大路東入二丁目轆轤町１０８番地７,東山区,簡易宿所,R1.5.15,34.9970931,135.7764641,18,4,0,44,4,38,2
id_2435,ＩＳＵＫＥ　ＩＮＮ．,京都市中京区新町通錦小路上る百足屋町３７８番地３,中京区,簡易宿所,H29.1.18,35.0103167,135.7512979,126,82,8,88,4,223,1
id_2436,智積院会館,京都市東山区東大路七条下る東瓦町９６４番地,東山区,旅館・ホテル,R2.7.29,34.9880571,135.7745354,24,5,2,50,6,65,2
id_2437,蕎麦打ち　おくで,京都市左京区久多中の町111番地,左京区,簡易宿所,H27.5.13,35.0485352,135.7783697,12,6,0,48,2,50,8
id_2438,旅館　西喜楼,京都市下京区不明門通七条下る東塩小路町711-7,下京区,旅館・ホテル,S61.8.4,34.9877014,135.7553899,10,12,14,48,0,42,0
id_2439,ホテル　洛西,京都市西京区大枝沓掛町７番地４７,西京区,簡易宿所,H21.1.26,34.964066,135.675719,7,44,1,67,1,69,0
id_2440,京小宿　五条みやび,京都市下京区堺町通五条上る俵屋町２０８番地,下京区,簡易宿所,H30.1.22,34.9877014,135.7553899,0,0,0,30,0,1,0
id_2441,スーパーホテル京都・四条河原町,京都市中京区新京極通四条上る中之町５３８番１,中京区,旅館・ホテル,H20.12.2,35.0103167,135.7512979,32,0,6,69,3,50,7
id_2442,京都北野天満宮前Ｂ棟,京都市上京区御前通今出川上る鳥居前町６６４番地４８,上京区,簡易宿所,H29.1.12,35.0294911,135.7565602,1,4,16,70,6,53,5
id_2443,曼　七本松ノ弐　ＮＩ,京都市中京区聚楽廻西町６４番地７,中京区,簡易宿所,H29.6.5,35.0103167,135.7512979,40,51,8,83,3,117,1
id_2444,こうげつ,京都市下京区花屋町通新町西入東松屋町８４３番地,下京区,簡易宿所,R5.5.25,34.9877014,135.7553899,4,5,29,93,3,60,18
id_2445,紅梅－東館,京都市南区東九条中殿田町１８番地１８,南区,簡易宿所,R7.7.29,34.9810222,135.7573237,10,21,0,53,3,37,0
id_2446,稲荷凰庵　安吾,京都市伏見区深草稲荷鳥居前町２２番地３（家屋番号３５）,伏見区,簡易宿所,H31.1.28,34.9666045,135.7687195,4,17,2,42,9,59,0
id_2447,今熊野テラス　仁清庵,京都市東山区今熊野南日吉町１１１番地１北から４軒目,東山区,簡易宿所,R1.8.15,34.9857818,135.7787647,0,1,0,37,0,16,0
id_2448,綿善旅館,京都市中京区柳馬場通六角下る井筒屋町413,中京区,旅館・ホテル,S59.9.12,35.0067804,135.763767,26,2,0,30,0,29,1
id_2449,Ｉｎａｒｉ　Ｉｎｎ,京都市東山区稲荷町南組５７５番地２２,東山区,簡易宿所,H29.1.31,35.0072514,135.7784086,0,0,4,25,0,8,0
id_2450,京　吉乃家（北館）,京都市東山区建仁寺通五条下る二丁目上棟梁町１１２番地４,東山区,簡易宿所,R2.7.8,34.9936553,135.7715078,0,5,14,44,0,25,0
id_2451,雀庵,京都市伏見区表町５７９番地１,伏見区,簡易宿所,H30.12.21,34.9292009,135.7584183,4,15,0,40,4,47,0
id_2452,紅梅,京都市南区東九条中殿田町１８番地２１,南区,簡易宿所,H29.4.21,34.9810222,135.7573237,4,2,23,116,8,57,2
id_2453,松島屋（神宮道）,京都市東山区三条通白川橋東入二丁目西町１４３番地１,東山区,簡易宿所,H28.10.18,35.0090514,135.7824081,0,10,27,67,9,54,0
id_2454,シタディーン京都　烏丸五条,京都市下京区五条通烏丸東入松屋町４３２,下京区,旅館・ホテル,H22.2.19,34.9964591,135.760648,9,1,12,52,1,30,0
id_2455,しづやＫＹＯＴＯ　ＨＡＮＡＲＥ,京都市下京区七条通河原町東入材木町460番地,下京区,簡易宿所,H28.5.13,34.9896773,135.7644856,13,18,27,60,2,75,7
id_2456,Ｆｕｎｈｏｕｓｅ　蘭,京都市南区久世大藪町２８番地３０,南区,簡易宿所,R2.1.22,34.9611746,135.7191745,1,0,0,28,0,10,0
id_2457,ＢＩＳＨＯ　Ｈｏｕｓｅ　美咲ハウス,京都市下京区五条通堺町西入塩竃町３７４番地２,下京区,簡易宿所,R1.5.24,34.995532,135.7629092,2,15,2,64,2,31,0
id_2458,ＯＭＯＴＥＮＡＳＨＩ,京都市南区東九条西御霊町９番地,南区,簡易宿所,H30.8.6,34.9775685,135.7616966,3,25,2,77,1,116,3
id_2459,ゲストハウス　こばこ,京都市左京区岡崎南御所町４０－１０,左京区,簡易宿所,H24.11.14,35.0154429,135.7849363,2,9,19,63,0,57,1
id_2460,和泉屋旅館,京都市下京区西中筋通正面下ル丸屋町 122番地,下京区,旅館・ホテル,H8.10.1,34.9907965,135.7533942,0,0,0,52,0,22,13
id_2461,Ｈｏｔｅｌ　らんたん園,京都市東山区毘沙門町44-49,東山区,簡易宿所,H27.3.23,35.0001704,135.776412,64,3,35,106,18,149,1
id_2462,ｉｋｏｉ　ｈｏｔｅｌ,京都市南区東九条南烏丸町３６番地１９，３６番地２０，３６番地２１,南区,簡易宿所,R2.5.27,34.9770733,135.760125,4,38,44,105,1,95,2
id_2463,Ｍａｃｈｉｙａ　Ｌｉｌｙ,京都市東山区鞘町通五条下る四丁目正面町３００番地１,東山区,簡易宿所,H27.4.13,34.9917247,135.7691894,89,31,4,62,22,156,4
id_2464,ゲストハウス樸宿　西陣,京都市上京区千本通上立売上る作庵町５１３番地,上京区,簡易宿所,H30.11.29,35.0326881,135.7414846,8,44,18,76,1,86,5
id_2465,Ｔｒａｄｉｔｉｏｎａｌ　Ｋｙｏｔｏ　Ｈｏｕｓｅ２,京都市左京区高野蓼原町１８番地１　３戸１棟長屋の中央,左京区,簡易宿所,R1.6.6,35.0351227,135.7760904,51,10,2,77,1,81,13
id_2466,ＨＯＳＯＯ　ＲＥＳＩＤＥＮＣＥ,京都市中京区両替町通二条上る北小路町９８番地８,中京区,簡易宿所,H29.7.3,35.0142089,135.7590863,1,0,0,40,0,4,1
id_2467,嵐山温泉彩四季の宿花筏,京都市西京区嵐山中尾下町57-1,西京区,旅館・ホテル,S45.3.4,35.0112709,135.6771944,1,0,0,46,6,25,0
id_2468,ダイワロイネットホテル京都四条烏丸,京都市下京区烏丸通仏光寺下る大政所町６７８,下京区,旅館・ホテル,H24.4.16,35.000862,135.7599101,2,3,3,23,0,12,0
id_2469,杵屋旅館,京都市中京区西ノ京北聖町27番地,中京区,旅館・ホテル,H2.10.11,35.0115906,135.743489,29,31,5,55,0,81,5
id_2470,ゲストハウス　園　小手毬,京都市東山区古門前通大和大路東入四丁目石橋町３０５番地,東山区,簡易宿所,H27.3.31,35.0070514,135.7772389,0,1,25,65,9,37,0
id_2471,京都ぎおんの宿　ひー,京都市東山区新門前通大和大路東入西之町２３１番地,東山区,簡易宿所,H28.11.14,35.0061973,135.774202,30,0,1,34,0,38,1
id_2472,ＫＹＯＳＴＡＹいろは　東寺,京都市南区東寺東門前町１１番地１，１１番地２,南区,簡易宿所,H28.5.30,34.9802037,135.7495401,30,3,26,112,8,136,0
id_2473,ＮＩＣＯＨ　ＴＡＫＡＫＵＲＡ,京都市下京区高倉通松原下る西入福田寺町５５番地２,下京区,簡易宿所,R6.11.7,34.9980546,135.762083,22,5,5,91,0,41,7
id_2474,町家ホテルＹＡＮＡＧＩ,京都市右京区西院上今田町１８番地１２,右京区,簡易宿所,H30.7.9,35.0081337,135.7325473,48,65,18,74,3,169,2
id_2475,Ｍｅｇｕｍｉ－Ａｎ　木屋町不動ビル,京都市中京区東木屋町通四条上る三丁目材木町１８２番地１木屋町不動ビル４，５階,中京区,簡易宿所,H31.4.22,35.0075699,135.7705964,22,6,6,73,2,51,3
id_2476,ＴＨＥ　√２　Ｈｏｔｅｌ,京都市南区東寺東門前町４９番地１,南区,旅館・ホテル,R2.6.16,34.9827331,135.7495956,21,16,3,107,6,52,2
id_2477,桜香楽　園,京都市東山区古門前通大和大路東入三丁目古西町３２４番１７,東山区,簡易宿所,H24.11.13,35.0068598,135.7767039,7,2,5,32,0,20,0
id_2478,美盧源町邸,京都市南区八条源町６１番地１,南区,簡易宿所,H30.2.15,34.9835536,135.7441124,22,12,20,83,8,103,0
id_2479,ホテルサンデーブランチ,京都市伏見区竹田西小屋ノ内町８番地,伏見区,簡易宿所,H18.10.11,34.9529833,135.748337,2,8,5,29,2,20,0
id_2480,Ｂｕｄｄｈａ　Ｈｏｕｓｅ,京都市下京区上枳殻馬場通河原町西入八軒町４６２番地２０,下京区,簡易宿所,H30.1.11,34.9923796,135.7639581,22,23,27,86,3,92,7
id_2481,Ｆｕｎｈｏｕｓｅ　薫,京都市南区久世大藪町７８番地３,南区,簡易宿所,R1.10.11,34.9603537,135.7199825,7,9,11,41,0,43,0
id_2482,Ｆａｍｉｌｙ　Ｉｎｎ　慶,京都市南区東九条河西町３１番地３,南区,簡易宿所,H31.2.13,34.9796033,135.7658062,25,17,16,93,8,118,2
id_2483,うたたねや UTATANEYA,京都市南区西九条針小路町５５番地,南区,簡易宿所,H29.9.7,34.9829605,135.7515617,30,19,21,112,8,139,0
id_2484,洛星池,京都市中京区西ノ京星池町２０番地３２,中京区,簡易宿所,H29.2.13,35.0127832,135.7394213,1,33,2,33,0,41,1
id_2485,更紗,京都市南区東九条上殿田町２３番地,南区,簡易宿所,R6.3.27,34.9824093,135.7589702,13,6,1,66,1,32,0
id_2486,レジステイ錦小路,京都市中京区堺町通蛸薬師下る菊屋町５２１番地,中京区,簡易宿所,H29.7.24,35.005547,135.7634039,51,62,9,106,3,134,1
id_2487,千代静庵,京都市東山区三条通南裏二筋目白川筋西入堤町５０８番地３,東山区,簡易宿所,R7.9.12,35.0086868,135.7794092,3,1,0,60,4,28,7
id_2488,華乃家　鴨川七条ハウス　北館,京都市下京区三ノ宮町通正面下る上三之宮町２８１番地１,下京区,簡易宿所,R1.11.19,34.990878,135.7659456,25,5,32,106,0,73,7
id_2489,古都平安の宿　奏　ＫＡＮＡＤＥ,京都市左京区岡崎法勝寺町１番地２,左京区,旅館・ホテル,H31.2.7,35.0149805,135.7876956,14,7,14,65,1,71,5
id_2490,日照庵,京都市北区西賀茂鎮守菴町３０番地１,北区,簡易宿所,R3.7.13,35.0609964,135.7393287,3,0,3,47,4,56,0
id_2491,京都東山くるみ,京都市東山区泉涌寺五葉ノ町４番地５,東山区,簡易宿所,H27.5.22,34.9780836,135.7813121,18,1,10,40,9,39,0
id_2492,ランドーレジデンス　京都　クラシック,京都市南区東九条上御霊町５８番地１,南区,簡易宿所,R1.8.1,34.9800378,135.7624973,7,4,11,40,0,25,0
id_2493,ｎｏｄｅ　ｈｏｔｅｌ,京都市中京区蟷螂山町４６１番地１,中京区,旅館・ホテル,R1.6.18,35.0046937,135.7549825,48,7,1,82,3,112,5
id_2494,旅宿　あたごや,京都市右京区嵯峨天龍寺車道町４－２７,右京区,簡易宿所,H23.11.7,35.0171499,135.6808772,18,15,4,49,0,43,1
id_2495,ペンション愛宕道,京都市右京区京北細野町井根砂子９番地,右京区,簡易宿所,S60.10.12,35.1193248,135.6463991,4,3,11,65,2,27,1
id_2644,Ｋａｍｏｎ　Ｉｎｎ　Ｈｉｅｉｊｏｃｈｏ,京都市南区西九条比永城町１１４番地,南区,簡易宿所,H30.1.12,34.9783625,135.7490844,19,8,2,65,4,39,4
id_2645,さのは,京都市東山区三条南入二筋目白川筋西入二丁目北側北木之元町５２１番地４,東山区,簡易宿所,R7.7.7,35.0087853,135.7782969,17,0,4,22,0,21,0
id_2646,福家・中堂寺,京都市下京区中堂寺北町１番地４１,下京区,簡易宿所,R5.1.25,34.9986967,135.7425856,27,13,12,45,1,62,1
id_2647,Ｃｏｔｅ　Ｔｅｍｐｌｅ,京都市東山区五条通大和大路東入門脇町１８７番地６,東山区,簡易宿所,R6.4.16,34.1134909,134.1625338,149,17,43,108,15,242,5
id_2648,清和居,京都市東山区六波羅南門通西入池殿町２０４番地４,東山区,簡易宿所,R1.12.12,34.9959695,135.7726243,20,7,20,65,6,54,0
id_2649,ＲＥＳＴ　ＣＯＬＬＥＣＴＩＯＮ　Ｊｉｎｇｕ　Ｎｉｊｏ　Ｋｙｏｔｏ,京都市左京区二条通川端より八筋目東入上る石原町２８３番地８,左京区,旅館・ホテル,H31.2.7,35.0143355,135.7751555,9,6,7,47,2,36,8
id_2650,町家さらぶ,京都市東山区五条通大和大路東入門脇町１８７番地３,東山区,簡易宿所,R6.3.12,34.1134909,134.1625338,0,1,46,61,4,59,7
id_2651,日和・御竹,京都市下京区東中筋通六条下る学林町２９５番地２,下京区,簡易宿所,R2.10.26,34.9939528,135.7544863,5,1,8,40,1,20,1
id_2652,Ｓａｋｕｒａ　Ｒｉｖｅｒ　Ｉｎｎ　　Ⅱ,京都市下京区河原町通松原上る清水町４５４番地２１２階,下京区,簡易宿所,H29.4.20,34.9992681,135.7683077,0,13,41,56,1,60,3
id_2653,沖のまちやど,京都市東山区三条通白川橋西入ニ筋目下る古川町５４２番地２,東山区,簡易宿所,H24.9.5,35.0086653,135.7789186,20,14,16,45,4,59,2
id_2654,スタインウェイ　ピアノ　ハウス,京都市伏見区桃山水野左近東町８１番地１１F,伏見区,簡易宿所,H28.10.14,34.9426662,135.7686396,0,8,10,25,0,25,0
id_2655,ＲＥＳＩ　ＳＴＡＹ　ＡＮＤＯＮ　－行燈－,京都市中京区三条通油小路下る三条油小路町１７３番地６,中京区,簡易宿所,R2.2.20,35.0076287,135.7538147,34,44,6,76,0,86,1
id_2656,ＦＵＫＵＹＡ　ｍｉｂｕｍｏｒｉ,京都市中京区壬生森町３９番地１２,中京区,簡易宿所,R6.11.8,35.0055649,135.7380427,16,0,3,47,0,25,1
id_2657,紫雅,京都市下京区三ノ宮町通正面下る上三之宮町２８４番地２他,下京区,簡易宿所,R2.5.28,34.990878,135.7659456,27,33,37,92,0,117,18
id_2658,Ｔｈｅ別荘　そそ　四,京都市下京区河原町通上枳殻馬場上る若宮町４６５番地１,下京区,簡易宿所,H28.11.21,34.9931314,135.7637541,30,4,5,81,3,51,1
id_2659,仲よし,京都市左京区鞍馬貴船町71番地,左京区,簡易宿所,H5.3.15,35.1235718,135.7637908,0,4,0,39,0,10,0
id_2660,鏡花　Ｋｙｏｋａ,京都市中京区西ノ京船塚町１２番地１６,中京区,簡易宿所,R1.7.10,35.0119705,135.737173,32,7,6,74,2,64,7
id_2661,ホテルトーイン京都,京都市下京区東洞院通正面西入廿人講町２９番地５、２９番地６,下京区,簡易宿所,R6.3.22,34.9911965,135.7610183,9,20,16,67,1,54,0
id_2662,ＮＩＭＯＮ,京都市左京区仁王門通新高倉東入正往寺町４５０番地２Ｆ，３Ｆ南側,左京区,簡易宿所,H29.7.11,35.0119366,135.7765094,3,12,3,107,1,46,1
id_2663,旅館　四条ホテル,京都市下京区西木屋町通四条下る船頭町231,下京区,旅館・ホテル,S60.2.8,35.0026044,135.770309,0,0,1,32,0,2,1
id_2664,慶有魚　石垣,京都市下京区三ノ宮町通七条上る下三之宮町２８７番地５,下京区,簡易宿所,R6.5.16,34.9898344,135.7660937,3,29,5,80,3,55,5
id_2665,雲・小今,京都市東山区三条大橋東七丁目南側今小路町８４番地３,東山区,簡易宿所,R2.5.22,35.0092082,135.7797318,82,11,27,61,9,140,4
id_2666,翠嵐ラグジュアリーコレクションホテル京都,京都市右京区嵯峨天龍寺芒ノ馬場町１２番,右京区,旅館・ホテル,H27.3.9,35.013356,135.6735008,0,31,2,44,0,47,1
id_2667,ゲストハウス葵,京都市東山区福稲御所ノ内町７番地１１,東山区,簡易宿所,H29.11.7,34.9791861,135.7696723,7,2,1,26,0,16,0
id_2668,ＮＡＺＵＮＡ　京都　椿通　ＴＡＫＥ－２４,京都市下京区高辻通大宮西入坊門町８３６番地２４,下京区,簡易宿所,R2.6.1,34.9994815,135.7484877,58,3,64,76,3,131,1
id_2669,石田旅館,京都市東山区祇園町南側570-164,東山区,旅館・ホテル,S47.11.9,35.0025003,135.7758324,34,2,25,87,12,77,1
id_2670,ＭＩＭＡＲＵ京都　西洞院高辻,京都市下京区西洞院通高辻上る本柳水町７８２番地,下京区,簡易宿所,H31.2.21,35.0005151,135.7550289,0,2,0,51,0,11,4
id_2671,京恋　蜜月,京都市下京区西洞院通六条下る西側町５０３番地２,下京区,簡易宿所,R2.8.5,34.9937277,135.7548102,17,3,52,71,0,83,1
id_2672,Ｒｉｎｎ　Ｓｈｉｒａｋａｗａ　Ｓｏｕｔｈ,京都市東山区三条通南裏二筋目白川筋西入堤町５０９番地,東山区,簡易宿所,R2.2.13,35.008291,135.779351,51,6,14,54,4,85,0
id_2673,民宿　京都マイペンション,京都市右京区西院小米町３４番地１２,右京区,簡易宿所,R2.5.20,35.0040744,135.7244163,40,5,8,78,5,110,2
id_2674,,京都市東山区五条橋東六丁目５３９－１９,東山区,施設外玄関帳場,,34.9947089,135.7800057,2,4,7,31,0,16,1
id_2675,東松屋町イースト,京都市下京区花屋町通新町西入東松屋町８４２番地２,下京区,簡易宿所,H27.10.15,34.9929668,135.756314,5,29,112,92,3,151,1
id_2676,トモヤレジデンスホテル京都,京都市中京区二条通高倉西入松屋町５８番地,中京区,簡易宿所,H30.6.22,35.0140056,135.7621132,14,17,0,38,2,44,0
id_2677,京都山科ホテル山楽,京都市山科区安朱桟敷町２３番地,山科区,旅館・ホテル,H30.11.2,34.9913879,135.8167667,0,2,6,45,1,18,2
id_2678,近畿荘,京都市伏見区南新地4-46,伏見区,簡易宿所,H2.4.17,34.9277931,135.7605028,4,7,0,25,0,40,0
id_2679,東急バケーションズ京都,京都市東山区三条大橋東六丁目今小路町９２－１,東山区,簡易宿所,H19.6.27,35.0092295,135.7806679,0,2,0,29,0,4,1
id_2680,Ｍａｃｈｉｙａ　Ｍｅｉ　町家明,京都市下京区油小路通六条上る卜味金仏町１７８番地５,下京区,簡易宿所,R6.1.29,34.9942138,135.7540435,0,3,25,64,1,43,5
id_2681,京都　白樺之家・冬,京都市南区東九条西札辻町１９番地６,南区,簡易宿所,R6.12.2,34.9771624,135.7611294,0,4,4,45,0,24,0
id_2682,アーバイン京都　河原町通,京都市下京区土手町通正面上る溜池町３５９番地１,下京区,簡易宿所,H28.9.16,34.9922176,135.7646033,19,75,4,104,0,125,7
id_2683,桜の宿　赤金町,京都市南区唐橋赤金町５９番地２,南区,簡易宿所,R5.4.20,34.9829347,135.7419116,0,1,2,22,0,8,0
id_2684,ＯＲＩ　Ｒｏｋｋａｋｕ,京都市中京区醒ケ井通六角下る越後突抜町３０６番地，３０７番地,中京区,簡易宿所,R4.3.22,35.0067724,135.7525815,16,66,1,57,2,89,0
id_2685,壺の中,京都市東山区大黒町通松原下る一丁目北御門町２５８番地５,東山区,簡易宿所,R6.9.6,34.9982608,135.7713615,40,0,2,53,1,52,0
id_2686,Ｒｅｓｔ　ｉｎｎ　Ｋｙｏｔｏ,京都市下京区下松屋町通松原下る上長福寺町２３５番地,下京区,簡易宿所,H31.4.26,34.9981138,135.7486119,0,9,3,22,0,15,0
id_2687,京都ジャランドウ,京都市中京区御幸町通六角下る伊勢屋町３４６,中京区,簡易宿所,H23.9.1,35.0068195,135.7661955,10,2,0,25,0,14,1
id_2688,麻呂家　五条坂,京都市東山区渋谷通東大路東入常盤町４８２番地３４,東山区,簡易宿所,H27.10.14,34.992756,135.7766649,3,0,2,49,1,12,0
id_2689,観月荘,京都市伏見区深草小久保町７５－１,伏見区,簡易宿所,H27.5.19,34.9532537,135.7611334,1,6,22,52,6,121,1
id_2690,梅の宿,京都市伏見区竹田流池町１１８番地２１,伏見区,簡易宿所,H29.12.28,34.964461,135.7611328,0,25,12,49,0,82,2
id_2691,ゲストハウス敬天,京都市伏見区深草加賀屋敷町２４番地１７,伏見区,簡易宿所,H30.7.30,34.9474434,135.7570124,7,6,25,58,6,52,0
id_2692,葵HOTEL KYOTO,京都市下京区木屋町通仏光寺上る天王町146番地,下京区,簡易宿所,H27.2.5,35.001511,135.769906,3,4,64,78,0,85,13
id_2693,ホテルエクセレンス・京都駅西　ＰＢ１,京都市南区西九条寺ノ前町７番地,南区,旅館・ホテル,H30.12.19,34.9850163,135.7532273,3,2,2,19,2,18,0
id_2694,お宿 吉水,京都市東山区八坂鳥居前東入円山町７番地３先,東山区,旅館・ホテル,R3.11.16,35.0036202,135.782797,4,21,2,51,22,60,0
id_2695,稲荷凰庵　粋,京都市伏見区深草稲荷鳥居前町２２番地３（家屋番号３６）,伏見区,簡易宿所,R1.10.2,34.9666045,135.7687136,35,58,49,104,15,168,2
id_2696,京都　阿美家,京都市上京区新椹木町通丸太町下る東土御門町343-1,上京区,簡易宿所,H27.3.19,35.0170868,135.7686766,7,97,3,73,0,131,5
id_2697,谷町君　星屋旅館　朝霧,京都市下京区的場通新町東入銭屋町２４８番地,下京区,簡易宿所,R5.4.17,34.9945122,135.7572838,3,4,4,68,2,32,7
id_2698,Ｅｘｐｏ　Ｈｏｓｔｅｌ　Ｊｉｎ,京都市北区紫野西藤ノ森町１番地５４,北区,簡易宿所,R2.12.9,35.0359427,135.7462036,0,1,6,40,0,23,0
id_2699,ホテル　サン・マルタン,京都市下京区河原町通正面上ル万屋町 326-3,下京区,旅館・ホテル,H8.11.21,34.9917352,135.7643946,21,25,83,79,3,154,7
id_2700,ホテルグレイスリー京都三条南館,京都市中京区新京極通三条下る桜之町４２０番地,中京区,旅館・ホテル,H29.4.27,35.0075233,135.7672543,7,9,1,89,7,42,7
id_2701,きりは イン アンド カフェ,京都市東山区大仏馬町通伏見街道東入五丁目常盤町４５９番地１５,東山区,簡易宿所,H27.7.15,34.9927014,135.7753057,3,7,16,69,9,50,0
id_2702,時時,京都市東山区大黒町通五条上る音羽町３１９番地３,東山区,簡易宿所,R6.2.2,34.9957677,135.7712735,7,20,35,91,15,84,4
id_2703,楽福　伏見稲荷　柔,京都市伏見区深草フケノ内町９番地２４,伏見区,簡易宿所,H30.4.13,34.9672077,135.7669176,2,8,5,28,2,20,0
id_2704,ダイワロイネットホテル京都八条口,京都市南区東九条北烏丸町９－２,南区,旅館・ホテル,H22.10.25,34.981593,135.7600099,0,0,4,21,0,17,0
id_2705,フランボワーズ　京都　ホテル　ドゥ　シャルム,京都市南区東九条東御霊町６２番地,南区,簡易宿所,R1.5.30,34.9773716,135.7636287,70,29,16,73,8,173,2
id_2706,ゲストハウス　ソイ,京都市東山区渋谷通東大路東入二丁目下馬町５０９番地２,東山区,簡易宿所,H28.9.26,34.9916933,135.7776069,8,12,27,82,2,58,1
id_2707,日和ステイ京都鴨川,京都市東山区問屋町通五条下る四丁目鍵屋町４８５番地,東山区,簡易宿所,R6.2.15,34.9925578,135.7682369,0,5,0,32,0,5,0
id_2708,京町家　天の川,京都市東山区三条通南四筋目白川筋西入稲荷町南組５７５番地１２,東山区,簡易宿所,H27.10.28,35.0072514,135.7784086,0,0,10,39,4,21,1
id_2709,七条みやび　花畑別邸,京都市下京区七条通大宮西入花畑町５９２番地,下京区,簡易宿所,R2.2.28,34.9896751,135.7478138,3,0,0,17,0,7,0
id_2710,星の砂,京都市伏見区竹田西小屋ノ内町２８,伏見区,旅館・ホテル,H12.2.21,34.9518807,135.7477041,0,15,1,43,4,89,0
id_2711,京都　ＬａｎＬａｎ　別荘,京都市南区東九条中殿田町６番地１０,南区,簡易宿所,H30.10.24,34.9809456,135.7558973,27,16,14,74,8,135,1
id_2712,Ｒｙｕ　龍,京都市下京区御幸町通綾小路下る丸屋町４１８番地７,下京区,簡易宿所,R6.5.1,35.0018121,135.7660327,15,3,25,69,2,47,1
id_2713,,京都市上京区西洞院通一条上る大峰図子町６２８番地,上京区,施設外玄関帳場,,35.0268377,135.7551929,0,4,31,42,2,59,3
id_2714,ＴＨＥ　ＢＯＮＳＡＩ　ＫＩＹＯＭＩＺＵ,京都市東山区五条橋東六丁目５３９番地８,東山区,簡易宿所,R7.1.10,34.9950541,135.7799989,16,14,10,53,4,58,0
id_2715,Ｒｉｎｎ　四季十楽　八楽,京都市上京区下立売通油小路西入東橋詰町１８３番地３京都市上京区油小路通下立売上る近衛町１６５番地（家屋番号１８３番３　西から３軒目）,上京区,簡易宿所,R4.12.5,35.0203428,135.7531988,0,5,3,18,0,16,0
id_2716,京蘭　新町邸,京都市下京区新町通花屋町下る東若松町８１７番地（家屋番号：８１７番０の１）,下京区,簡易宿所,R7.9.8,34.9920897,135.7568464,9,9,1,40,1,23,1
id_2717,グリーンリッチホテル京都駅南,京都市南区東九条下殿田町3番,南区,旅館・ホテル,H26.4.4,34.9797613,135.756334,3,11,0,70,6,25,0
id_2718,慶有魚　鴨川店,京都市下京区加茂川端六軒町上る八ツ柳町３４８番地２，３５７番地１加茂川端六軒町西入波止土濃町３４７番地１,下京区,簡易宿所,H30.7.18,34.9932616,135.7670565,74,39,8,103,9,153,18
id_2719,ｚｉｚｉ,京都市東山区古門前通花見小路東入古西町３２０番地,東山区,簡易宿所,R1.5.24,35.0070679,135.7764112,51,2,30,105,30,116,1
id_2720,HACHIKAN INN,京都市中京区小川通姉小路下る西堂町４９０番地１,中京区,簡易宿所,R6.10.30,35.0094549,135.7544365,13,5,0,19,0,23,0
id_2721,京嵐山亭,京都市西京区嵐山西一川町２－１,西京区,旅館・ホテル,S45.5.8,35.0112758,135.6800815,14,9,1,108,15,54,13
id_2722,御屋・清水紫翠庵,京都市東山区松原通大橋東四丁目清水二丁目２５７番地５　他,東山区,簡易宿所,R7.9.30,34.9963285,135.7818524,6,10,5,81,2,28,1
id_2723,青寓,京都市下京区東中筋通五条上る天使突抜二丁目４０２番地５,下京区,簡易宿所,R7.10.29,34.9968775,135.7545767,4,35,29,86,0,83,7
id_2724,京都御宿　禅　葵庵,京都市下京区新町通鍵屋町下る蛭子町１４３番地４,下京区,簡易宿所,H30.8.6,34.9943991,135.7568877,15,15,0,55,2,33,0
id_2725,京蘭　無幻邸　月,京都市南区八条通大宮西入八条町４２７番地４,南区,簡易宿所,R7.10.6,34.9848897,135.7476158,12,16,9,57,2,41,1
id_2726,青春画廊,京都市東山区大和大路通五条上る東入池殿町２１４番地４,東山区,簡易宿所,H28.4.15,34.996606,135.7724843,16,0,10,40,1,29,1
id_2727,西陣　京町家の宿　三石,京都市上京区下長者町通六軒町西入利生町２９４番地４２,上京区,簡易宿所,R4.5.9,35.0228589,135.7404806,0,7,4,24,0,15,0
id_2728,千代乃家,京都市東山区三条通南裏二筋目白川筋西入堤町５０８番地７,東山区,簡易宿所,R1.8.8,35.0085365,135.7793756,0,4,10,35,0,34,0
id_2729,京物語,京都市南区西九条大国町５２番地１０,南区,簡易宿所,H30.9.5,34.9781203,135.7432426,16,3,5,44,2,88,0
id_2730,ホテル法華クラブ京都,京都市下京区塩小路通室町東入東塩小路町579番地の16,下京区,旅館・ホテル,H12.12.15,34.9877577,135.7587557,15,12,46,69,1,84,1
id_2731,京都駅前町家　嘉右衛門,京都市下京区七条通新町東入新シ町１４０番地,下京区,簡易宿所,H29.2.1,34.9893528,135.757411,19,4,6,87,3,53,7
id_2732,Ｃｏｎｎｅｃｔ　ｉｎｎ　祇園四条,京都市東山区大和大路通四条下る三丁目博多町１００番地１，１００番地２,東山区,簡易宿所,R2.3.3,35.0012573,135.7723892,22,9,58,60,0,93,2
id_2733,Ｌｕｎａ　ｈｏｕｓｅ,京都市東山区馬町通妙法院北門前妙法院前側町４２７番地３４,東山区,簡易宿所,R7.9.26,34.991482,135.7744079,7,2,0,22,2,12,0
id_2734,Ｃｏｍｆｏｒｔ　Ｓｅｖｅｎ,京都市上京区烏丸通鞍馬口下る東入上御霊中町４５５番地１０,上京区,簡易宿所,R1.8.28,35.0368472,135.759479,35,58,40,116,8,202,25
id_2735,Guest　House　Goldfish,京都市南区東九条上御霊町１２番地２７,南区,簡易宿所,H29.8.10,34.9804504,135.7628378,24,2,3,91,8,45,2
id_2736,有限会社　観光旅館　近江屋,京都市下京区上珠数屋町通東洞院東入花屋町387,下京区,旅館・ホテル,S61.5.27,34.9921642,135.7613299,4,4,30,79,0,60,7
id_2737,熊秀庵,京都市中京区小川通二条下る古城町３４７番地３,中京区,簡易宿所,H28.10.11,35.0131515,135.7539379,54,62,10,116,1,138,10
id_2738,霜,京都市中京区壬生松原町４３番地１８,中京区,簡易宿所,H31.4.9,34.9993896,135.7397847,29,31,5,69,2,70,1
id_2739,あらか西洞院邸,京都市下京区西洞院通五条下る小柳町５００番地２,下京区,簡易宿所,H30.1.11,34.9950071,135.7552914,4,33,7,98,0,48,1
id_2740,飛騨詰所,京都市下京区正面通東洞院西入廿人講町21,下京区,簡易宿所,S49.6.25,34.9914786,135.7606556,3,1,4,22,0,14,0
id_2741,スズキゲストハウス,京都市上京区竹屋町通千本東入主税町９８６番地,上京区,簡易宿所,H28.2.29,35.0175966,135.745163,14,3,12,52,2,41,0
id_2742,長安宿・京都・鴨川,京都市東山区問屋町通五条下る三丁目西橘町４８１番地２、６,東山区,簡易宿所,R7.4.9,34.9928777,135.7682529,10,0,0,33,4,17,0
id_2743,ＫＡＢＩＮ　Ｍｉｎａｍｉｚａ,京都市東山区大和大路通四条下る大和町１８番地,東山区,簡易宿所,R5.8.21,35.0030408,135.7724559,10,4,0,38,4,23,1
id_2744,プライベートレジデンス京都　清水,京都市東山区中道通松原上る月輪町９４番地９，９４番地１０,東山区,簡易宿所,H30.12.25,34.9981527,135.7776947,1,0,0,32,2,4,0
id_2745,ｓｏｃｏ　ｒｏｏｍｓ,京都市上京区河原町通丸太町上る二丁目出水町２６０番地,上京区,簡易宿所,R4.2.10,35.0192909,135.7695098,21,37,4,69,1,86,13
id_2746,ＲＡＫＵＴＯＫＯ　ＳＡＫＵＲＡ,京都市中京区西ノ京船塚町１２番地２７,中京区,簡易宿所,H28.3.14,35.0117537,135.7371545,118,8,8,80,3,162,18
id_2747,京町家旅館さくら・うるし邸,京都市下京区柳馬場通高辻下る吉文字町425番地,下京区,旅館・ホテル,H27.2.17,35.0000614,135.7643648,51,23,20,77,5,101,0
id_2748,ＨＯＴＥＬ　ＳＨＥ，ＫＹＯＴＯ,京都市南区東九条南烏丸町１６番地,南区,旅館・ホテル,H28.4.7,34.9778554,135.7597991,4,3,1,32,2,19,0
id_2749,慶有魚　冷泉,京都市左京区二条通川端東入上る新先斗町１１８番地２,左京区,簡易宿所,R7.12.26,35.0137971,135.7728282,3,11,18,93,6,99,25
id_2750,京と家　さくら庵,京都市下京区木屋町通松原上る美濃屋町１７４番地１,下京区,簡易宿所,H28.8.26,34.9997827,135.7688803,18,25,30,75,2,81,5
id_2751,ゲストハウス糸屋,京都市上京区浄福寺通五辻下る有馬町２０２番地,上京区,簡易宿所,H23.6.7,35.0300869,135.7453616,5,25,0,56,8,42,3
id_2752,鴨川　Ｊ～ｈｏｕｓｅ,京都市左京区川端通二条上る新生洲町１１４番地,左京区,簡易宿所,R2.7.14,35.0139176,135.7725651,0,9,2,73,4,72,5
id_2753,阿美弥,京都市上京区油小路通丸太町上る米屋町２８２番地１　北側,上京区,簡易宿所,H30.7.3,35.0181866,135.7530425,0,0,12,42,0,14,0
id_2754,山まる,京都市中京区聚楽廻西町１８０番地　２Ｆ,中京区,簡易宿所,H29.4.26,35.0192195,135.7397161,0,23,7,44,1,47,0
id_2755,奏　東寺南門　ＡＮ,京都市南区西九条南田町３６番地２,南区,簡易宿所,H30.7.4,34.9786826,135.7479258,5,15,3,87,1,99,6
id_2756,Ｃａｓａ　Ｌｏｔｔｏ　樂天居,京都市南区東九条東御霊町５８番地１６,南区,簡易宿所,R3.3.29,34.9775353,135.7636849,6,11,1,47,2,70,0
id_2757,季楽　京都　園,京都市東山区広道通松原上る四丁目毘沙門町４６番地１０,東山区,簡易宿所,H29.6.12,35.0006035,135.7756298,20,0,0,65,1,28,0
id_2758,８Ｑ　Ｇｏｊｏ　Ｓｕｉｔｅｓ,京都市下京区室町通松原下る元両替町２４５番地１２階,下京区,簡易宿所,H30.8.3,34.9985539,135.7583646,30,35,32,91,0,128,10
id_2759,ホテルアンテルーム京都,京都市南区東九条明田町７番地、４番地１、４番地２,南区,旅館・ホテル,H28.7.11,34.9757088,135.7589585,22,29,34,76,1,156,1
id_2760,Ｒ－Ｇｕｅｓｔ　Ｒｅｓｉｄｅｎｃｅ　京都上鳥羽,京都市南区上鳥羽勧進橋町２２番地４,南区,簡易宿所,R2.12.28,34.9702981,135.760396,3,4,2,22,0,38,0
id_2761,三条しらかわ小路,京都市東山区粟田口三条坊町３２番地２，３２番地９,東山区,簡易宿所,H29.9.20,35.0083945,135.7813496,10,0,8,35,0,22,0
id_2762,Ｒ　東九条　金,京都市南区東九条西札辻󠄀町４０番地（西側）,南区,簡易宿所,R7.11.28,34.9764447,135.761496,2,1,1,16,0,52,0
id_2763,マルダ京都,京都市中京区堺町通御池下る丸木材木町６８４番地,中京区,簡易宿所,H30.9.11,35.0099255,135.7633795,32,44,8,77,3,87,0
id_2764,洛　加賀屋,京都市上京区中立売通浄福寺西入加賀屋町３９５番地　１階,上京区,簡易宿所,H29.11.16,35.0251596,135.7446426,5,0,14,55,3,38,5
id_2765,Kyoto Hotel Shichijo - Yusuke house,京都市東山区鞘町通七条上る下堀詰町２４１番地２,東山区,簡易宿所,H29.10.10,34.9896458,135.7685099,8,0,1,32,2,17,1
id_2766,ｓｅｑｕｅｎｃｅ　ＫＹＯＴＯ　ＧＯＪＯ,京都市下京区烏丸通松原下る五条烏丸町４０９番地,下京区,旅館・ホテル,R2.7.31,34.9979584,135.7593968,29,31,6,97,3,98,10
id_2767,ＭＨＫ二条邸,京都市中京区西ノ京永本町５番地３８,中京区,簡易宿所,R2.1.29,35.0123185,135.7392736,32,0,1,71,4,50,13
id_2768,料理旅宿　井筒安,京都市下京区東洞院通下珠数屋町上る笹屋町２７２,下京区,旅館・ホテル,S34.7.4,34.9908631,135.761283,5,9,10,43,1,26,0
id_2769,簡宿　ＳＨＩＭＡ,京都市下京区東洞院通七条下る東塩小路町６００番地２９,下京区,簡易宿所,R2.1.21,34.9883753,135.7563374,2,20,22,68,2,49,3
id_2770,ｙｏｉｎ　ｈｏｔｅｌ　ｋｙｏｔｏ　ｇｉｏｎ,京都市東山区四条通大和大路東入園町北側３４７番地５５,東山区,旅館・ホテル,R1.9.17,35.0050218,135.7760219,6,1,4,88,30,52,4
id_2771,承香殿　西対,京都市上京区東神明町２９７－１,上京区,簡易宿所,H24.7.20,35.0209898,135.744565,1,7,5,26,0,24,0
id_2772,ＳＥＩＢＩＤＯ　ＩＮＮ,京都市中京区新椹木町通夷川上る西革堂町２０４番地,中京区,簡易宿所,H27.12.22,35.0147413,135.7683292,0,0,0,46,0,21,1
id_2773,慶有魚　錦,京都市東山区宮川筋松原上る宮川筋五丁目３２５番地２,東山区,簡易宿所,R6.5.13,34.9990292,135.7707289,8,16,35,92,12,76,4
id_2774,四季育む宿　然林房,京都市北区鷹峯北鷹峯町40,北区,旅館・ホテル,H1.8.22,35.0546205,135.7290305,51,6,4,52,9,76,1
id_2775,香柏　金閣　極,京都市北区紫野下柏野町６番地,北区,簡易宿所,R2.10.16,35.0337158,135.7371808,5,25,1,63,12,81,2
id_2776,慶有魚　東棟,京都市東山区馬町通東入鐘鋳町３９０番地２,東山区,簡易宿所,R3.6.1,34.9936347,135.7741946,27,1,16,61,9,60,0
id_2777,ＥＮＧＡＷＡ　ＨＯＵＳＥ,京都市左京区久多宮の町２１１番地,左京区,簡易宿所,H29.3.31,35.2618214,135.8066214,0,0,5,18,0,11,1
id_2778,島津製作所共済会　紫明荘,京都市北区出雲路俵町５２ー８,北区,旅館・ホテル,H9.4.25,35.0358297,135.7667128,8,0,0,30,0,12,0
id_2779,五条ゲストハウス別館,京都市東山区大和大路通四条下る４丁目小松町１１－２６,東山区,簡易宿所,H19.6.5,34.99822,135.7758277,4,14,14,51,6,55,2
id_2780,Étoile Shijo Omiya（エトワール四条大宮）,京都市中京区壬生賀陽御所町４４番地１７,中京区,簡易宿所,R1.7.5,35.0013292,135.7452964,35,0,0,37,1,38,0
id_2781,四条烏丸じゅらく庵,京都市下京区西洞院通綾小路下る綾西洞院町７４１番地６,下京区,簡易宿所,R2.4.28,35.0020185,135.7545031,3,3,10,24,0,16,0
id_2782,流花西陣,京都市上京区芦山寺通北裏大宮西入二丁目薬師前町２６９番地３,上京区,簡易宿所,H30.9.6,35.0356397,135.7473681,14,58,97,80,6,188,7
id_2783,京ノ家　里桜,京都市中京区西ノ京船塚町１５番地１９,中京区,簡易宿所,R5.8.18,35.0115432,135.7373975,8,66,8,108,3,99,7
id_2784,ＮＡＺＵＮＡ　京都　椿通　ＨＡ－１６,京都市下京区高辻通大宮西入坊門町８３６番地１６,下京区,簡易宿所,R2.4.24,34.9994568,135.748681,22,5,27,97,3,83,7
id_2785,811,京都市上京区下立売通千本東入田中町４１５番地７,上京区,簡易宿所,H31.2.4,35.020411,135.7427361,13,58,104,96,1,180,1
id_2786,,京都市下京区烏丸通七条西入中居町１１２番地　３０１号室,下京区,施設外玄関帳場,,34.9894413,135.7588978,0,1,0,33,1,10,0
id_2787,,京都市中京区西ノ京北壺井町１５１番地,中京区,施設外玄関帳場,,35.0147129,135.7292485,57,70,2,89,4,153,18
id_2788,奏　九条明田町　別邸Ｂ,京都市南区東九条明田町３１番地２，３１番地３　南棟,南区,簡易宿所,R2.2.3,34.9765839,135.7604558,0,4,0,40,0,21,1
id_2789,星のや京都,京都市西京区嵐山元録山町１１の２,西京区,旅館・ホテル,H21.11.13,35.0163832,135.6666064,14,70,8,93,15,167,5
id_2790,アーバンホテル京都五条プレミアム,京都市下京区五条通油小路西入北側小泉町８７番地,下京区,旅館・ホテル,R2.3.9,34.9970359,135.7528389,5,39,6,112,1,65,10
id_2791,空明,京都市下京区加茂川端六軒町西入波止土濃町３６２番地,下京区,簡易宿所,R3.4.6,34.9934395,135.7666862,24,21,25,82,0,79,7
id_2792,旅寛ＨＯＳＴＥＬ祇園,京都市東山区古門前通大和大路東入元町３９１番地２，３９１番地３,東山区,簡易宿所,H30.7.9,35.0068316,135.7743057,8,16,6,106,15,54,5
id_2793,月の湯　美華夜庵,京都市東山区大仏建仁寺町五条下る三丁目西入西棟梁町２１６番地２３,東山区,簡易宿所,R1.6.11,34.9924897,135.770894,0,9,22,75,9,56,3
id_2794,ゲストハウス　ちはやふる,京都市右京区西院春栄町３５番地１１,右京区,簡易宿所,H30.2.14,35.0051975,135.7257836,12,10,2,45,0,60,0
id_2795,美盧　伏見稲荷邸南館,京都市伏見区深草ススハキ町２２番地４－２南側,伏見区,簡易宿所,R6.6.4,34.9461376,135.7612114,4,31,0,56,4,45,1
id_2796,エムズホテル　五条ＯＤＡＷＡＲＡ,京都市下京区室町と新町の間五条上る小田原町２３２番地,下京区,簡易宿所,R3.10.6,34.9973342,135.7573118,3,21,25,69,2,65,0
id_2797,下町ＢＬＵＥＳ,京都市南区東九条宇賀辺町54番地７,南区,簡易宿所,H28.7.6,34.9777,135.764891,0,0,0,24,1,14,0
id_2798,リーガグラン京都,京都市南区東九条西山王町１番地,南区,旅館・ホテル,R2.6.25,34.9824637,135.7606521,0,11,16,79,6,103,1
id_2799,香翠,京都市山科区御陵鴨戸町５１番地１,山科区,簡易宿所,H29.2.27,34.9956001,135.8023781,14,39,18,102,3,78,1
id_2800,東寺八条,京都市南区八条通壬生下る東寺町５８５番地６,南区,簡易宿所,H28.12.13,34.9841263,135.745468,4,3,1,35,1,86,0
id_2801,Jasmine 3,京都市下京区高辻通大宮西入坊門町８３５番地１,下京区,簡易宿所,H30.7.9,34.9999817,135.7483756,25,25,27,95,7,107,7
id_2802,,京都市東山区本町二十二丁目５１３番地３,東山区,施設外玄関帳場,,34.9700829,135.7706211,45,2,5,84,2,62,5
id_2803,ホテルＳＵＩ京都清水,京都市東山区問屋町通五条下る一丁目朱雀町４２３番地,東山区,旅館・ホテル,R3.7.29,34.9952116,135.7689846,67,2,6,100,12,105,5
id_2804,布袋庵,京都市東山区本町十二丁目２２２番９,東山区,簡易宿所,H27.4.15,34.9817021,135.7701348,54,14,46,89,39,160,5
id_2805,美盧　四条河原町邸,京都市下京区松原通御幸町東入石不動之町６９２番地３,下京区,簡易宿所,R4.7.8,34.9990905,135.7664746,2,3,4,68,0,22,13
id_2806,京と家　七条塗師屋町,京都市東山区耳塚通正面下る塗師屋町６０１番地１,東山区,簡易宿所,H30.9.6,34.9914502,135.7703348,67,17,43,104,15,146,1
id_2807,樂　西山王町　櫻,京都市南区東九条西山王町８番地２,南区,簡易宿所,R7.8.12,34.9826317,135.7601936,24,2,51,75,6,96,0
id_2808,ＮＡＴＳＵ　Ｈｏｕｓｅ　夏ハウス,京都市下京区間之町通五条下る二丁目塗師屋町１１９番地,下京区,簡易宿所,R1.5.13,34.9949492,135.7620351,1,0,7,30,0,15,1
id_2809,京のおおぞら風華　山吹,京都市下京区油小路通松原下る樋口町２９２番地　南棟,下京区,簡易宿所,R2.9.29,34.9980249,135.7538084,2,12,0,60,0,33,5
id_2810,ＳＴＡＹ＆ＧＯ　京都駅北,京都市下京区東洞院通七条下る東塩小路町６００番地４０,下京区,簡易宿所,R5.9.15,34.9883416,135.7556629,22,27,35,74,3,95,7
id_2811,太鼓屋,京都市中京区六角通新町西入西六角町１０５番地１,中京区,簡易宿所,H25.8.15,35.007392,135.755885,14,45,2,39,1,65,0
id_2812,山本,京都市南区吉祥院定成町１８番地５,南区,簡易宿所,H27.12.8,34.9775016,135.7362506,18,11,13,73,1,52,0
id_2813,ＪＱ　Ｖｉｌｌａ　Ｋｙｏｔｏ　Ｙａｓｕｉｓｏ,京都市東山区広道通松原上る四丁目毘沙門町３７番地,東山区,簡易宿所,H30.3.26,35.00002,135.7776214,6,10,32,86,12,66,4
id_2814,まくや,京都市上京区下立売通千本西入稲葉町４４２番地５,上京区,簡易宿所,H22.12.2,35.0202468,135.7417125,0,8,7,29,1,61,0
id_2815,ＨＯＴＥＬ　ＫＵＵ　ＫＹＯＴＯ,京都市下京区不明門通下珠数屋町上る卓屋町５８番地　他,下京区,旅館・ホテル,H29.8.23,34.9909976,135.7605672,15,0,0,60,0,24,5
id_2816,京都市宇多野ユースホステル,京都市右京区太秦中山町２９番地,右京区,簡易宿所,H20.6.27,35.0266292,135.6998566,118,27,1,75,3,169,2
id_2817,,京都市中京区東木屋町通四条上る鍋屋町２３２番地１２　地下１階,中京区,施設外玄関帳場,,35.0044188,135.7711578,24,0,3,57,0,40,13
id_2818,ホテルエクセレンス・京都駅西　ＰＢ２,京都市南区西九条寺ノ前町８番地，１３番地，２２番地,南区,旅館・ホテル,H30.12.19,34.9849324,135.7532597,0,0,0,19,1,17,0
id_2819,潺潺居,京都市上京区一条通千本東入二丁目泰童町２８７番地,上京区,簡易宿所,H30.10.23,35.0263754,135.7442974,0,13,0,21,0,20,0
id_2820,Ｋｉｔａｎｏ－Ｈａｋｕｂａｉｃｈｏ　ＩＮＮ　Ｎｏ．１,京都市北区北野下白梅町９１番地,北区,簡易宿所,R1.9.10,35.0262403,135.7326703,16,6,4,51,1,29,0
id_2821,,京都市南区吉祥院定成町１８番地４,南区,施設外玄関帳場,,34.9776279,135.7362032,24,2,20,90,1,56,0
id_2822,魚岩旅館,京都市下京区西中筋通北小路下ル菱屋町143，144番,下京区,旅館・ホテル,H17.6.30,34.989842,135.7533572,1,7,10,38,0,20,1
id_2823,吉御座,京都市下京区大宮通仏光寺下る五坊大宮町７１番地５,下京区,簡易宿所,H28.9.26,35.0012273,135.7488486,47,4,0,82,2,76,7
id_2824,京都三条大橋,京都市左京区川端より二筋目仁王門下る新丸太町７８番地４,左京区,簡易宿所,R3.1.25,35.0103362,135.7734643,1,4,5,36,0,15,1
id_2825,西陣　ならひ庵,京都市上京区上立売通大宮東入幸在町692番地,上京区,簡易宿所,H26.11.19,35.0321016,135.7502613,4,17,31,46,2,56,0
id_2826,尾張屋旅館,京都市下京区西中筋通花屋町下る堺町93番地,下京区,旅館・ホテル,H26.11.13,34.9922683,135.7533664,27,35,5,94,0,106,18
id_2827,花喜屋　別館,京都市東山区五条橋東六丁目５１０－３,東山区,簡易宿所,H20.7.18,34.9945317,135.7777951,45,2,29,86,12,90,1
id_2828,Ｃｏｎｎｅｃｔ　Ｉｎｎ　九条河原町,京都市南区東九条東札辻町２７番地４,南区,簡易宿所,R1.5.28,34.9769245,135.7633386,4,0,2,27,0,54,0
id_2829,,京都市東山区泉涌寺雀ヶ森町４　プリシード東福寺レジデンス１Ｆ,東山区,施設外玄関帳場,,34.9826132,135.7731437,22,0,2,49,9,48,2
id_2830,ＨＡＮＡＲＥ　ＫＹＯＴＯ　八条口　ｂｙ　宿ル　ＫＹＯＴＯ　ＨＡＮＡＲＥ,京都市南区西九条院町２２番地４３,南区,簡易宿所,H31.1.7,34.982838,135.7565502,3,1,2,22,2,12,0
id_2831,京都ユニバーサルホテル烏丸,京都市南区東九条明田町26番地，28番地１，69番地,南区,簡易宿所,H28.6.29,34.9757748,135.7595029,13,1,2,68,3,28,1
id_2832,ゲストイン　ちた,京都市下京区不明門通花屋町下ル高槻町343番地,下京区,簡易宿所,H18.1.17,34.9925864,135.7601495,3,23,77,79,3,119,7
id_2833,入ル,京都市左京区吉田下大路町１６番地,左京区,簡易宿所,H29.9.12,35.021263,135.7824188,1,0,0,27,1,9,1
id_2834,Ｓｔａｙ　Ｆｕｊｉ　東山三条,京都市東山区三条通大橋東五丁目西海子町４４番地,東山区,簡易宿所,R1.12.5,35.0097948,135.7782828,0,0,26,48,4,31,1
id_2835,朴　無釈,京都市南区東九条明田町４２番地（家屋番号：１１７番の３）,南区,簡易宿所,R7.3.27,34.9753504,135.7605303,0,1,1,49,0,11,0
id_2836,宿ル　ＫＹＯＴＯ　ＨＡＮＡＲＥ　菊湯ノ宿,京都市下京区西木屋町通七条上る新日吉町１２４番地８,下京区,簡易宿所,R7.11.7,34.9900738,135.7650834,30,6,32,87,3,92,10
id_2837,Ｐｒｉｖａｔｅ　Ｒｅｓｉｄｅｎｃｅ　甚,京都市南区東九条北烏丸町３８番地７,南区,簡易宿所,R1.8.29,34.980921,135.7605199,25,2,23,104,1,195,0
id_2838,ＫＹＯＳＴＡＹいろは　東寺　本館,京都市南区東寺東門前町３０番地１，３０番地２，３０番地３,南区,簡易宿所,H30.3.13,34.9814732,135.7495258,3,1,2,22,1,16,0
id_2839,ＲＣ　ＨＯＴＥＬ　ＫＹＯＴＯ　ＹＡＳＡＫＡ,京都市東山区八坂通下河原東入八坂上町３７０番地,東山区,旅館・ホテル,R3.12.6,34.9979615,135.7797179,6,13,35,92,12,78,4
id_2840,京宿　おから,京都市下京区西洞院通花屋町下る西洞院町４７７番地,下京区,簡易宿所,H30.11.27,34.9925941,135.7550835,1,13,14,43,1,34,3
id_2841,ザ天保,京都市南区東九条西札辻町４２番地,南区,簡易宿所,R7.9.22,34.9762519,135.7616524,2,5,22,45,0,40,0
id_2842,梅ノ戸庵　四条大宮,京都市中京区壬生賀陽御所町４４番地９,中京区,簡易宿所,R1.7.4,35.0018636,135.7454991,37,8,1,85,0,49,1
id_2843,ＨＯＴＥＬ　ＳＯＵ　ＫＹＯＴＯ　ＧＩＯＮ,京都市東山区四条通大和大路東入園町南側５２５番地２,東山区,簡易宿所,R1.11.11,35.003611,135.775037,45,13,90,107,15,193,1
id_2844,ヴィラ三条室町・京都,京都市中京区室町通姉小路下る役行者町３７５番地,中京区,旅館・ホテル,R3.8.19,35.0090641,135.7578287,48,10,9,96,3,102,7
id_2845,召庵永久,京都市中京区柳馬場通錦小路下る瀬戸屋町４６５番地１,中京区,旅館・ホテル,R3.9.21,35.0045278,135.7642793,0,114,6,75,0,140,13
id_2846,楓庭,京都市中京区壬生天池町３５番地５３,中京区,簡易宿所,H31.1.16,35.0080586,135.7400655,18,17,0,51,2,39,1
id_2847,０　ＣＡＦＥ＋ＩＮＮ,京都市東山区大和大路通四条下る四丁目小松町５６３番地１３　２階,東山区,簡易宿所,H28.3.2,35.0002227,135.7749971,37,2,27,100,2,70,1
id_2848,ＨＯＴＥＬ　ＳＫＹＬＩＮＥ,京都市下京区七条通油小路西入土橋町２０４番地,下京区,簡易宿所,R4.10.3,34.9890993,135.7536643,1,9,10,34,0,24,1
id_2849,慶有魚　西洞院,京都市下京区西洞院通花屋町下る西洞院町４６５番９,下京区,簡易宿所,R6.9.18,34.9925425,135.7555065,0,51,27,75,0,97,13
id_2850,ＮＡＭＥＳ　Ｙ．Ｉ．,京都市下京区六軒通高瀬川筋東入早尾町３０６番地,下京区,簡易宿所,R3.11.15,34.9936625,135.7665473,10,0,12,52,1,26,3
id_2851,馨,京都市上京区竹屋町通千本東入主税町１００６番地,上京区,簡易宿所,R7.7.16,35.0175519,135.7454464,9,51,25,74,16,109,7
id_2852,スマイルホテル京都四条,京都市下京区四条通西洞院西入傘鉾町５９番地,下京区,旅館・ホテル,H26.5.13,35.0033442,135.7545974,5,7,7,42,1,27,3
id_2853,Ｍｕｒａｓａｋｉ　Ｇｕｅｓｔｈｏｕｓｅ,京都市北区紫竹西高縄町２８番地４,北区,簡易宿所,H28.10.19,35.0461381,135.7477008,12,3,5,32,0,25,0
id_2854,出町２,京都市左京区田中下柳町１０番地３２，４３番地４,左京区,簡易宿所,H29.4.13,35.0280333,135.7733272,22,2,17,103,8,71,1
id_2855,ハナレ（ＨＡＮＡ－Ｒｅ）,京都市左京区花脊別所町２６１番地,左京区,簡易宿所,R1.8.2,35.1694947,135.782671,3,2,2,25,0,15,1
id_2856,ソラリア西鉄ホテル京都プレミア,京都市中京区木屋町通三条上る上大阪町５０９番地,中京区,旅館・ホテル,H29.4.27,35.0101663,135.7712374,0,73,1,66,0,75,0
id_2857,椿の家,京都市北区紫野南舟岡町６９番地３３,北区,簡易宿所,H30.7.11,35.0364991,135.7441031,1,0,0,33,0,17,0
id_2858,二条城みやび庵,京都市中京区猪熊通姉小路下る姉猪熊町３１３番地,中京区,簡易宿所,H27.10.14,35.0089864,135.7501838,1,1,1,24,0,5,0
id_2859,京都二条　さわら木の宿,京都市上京区椹木町通堀川西入講堂町２４３番地,上京区,簡易宿所,R2.7.21,35.0188264,135.751309,0,5,1,18,0,14,0
id_2860,樹樹ホテル　五条烏丸,京都市下京区間之町通五条下る大津町１３番地,下京区,簡易宿所,R5.5.9,34.9954853,135.7616034,4,7,0,28,0,14,0
id_2861,Ｇｕｅｓｔ　Ｈｏｕｓｅ　Ｏｎｅ　Ｍｏｒｅ　Ｈｅａｒｔ  ａｔ　Ｋｙｏｔｏ　Ｓｔａｔｉｏｎ　Ｓｏｕｔｈ　５,京都市南区西九条池ノ内町８３番地１,南区,簡易宿所,R5.2.3,34.9834321,135.7530346,21,16,21,96,1,65,0
id_2862,石塀小路　龍吟,京都市東山区下河原町４６３－１２,東山区,簡易宿所,H24.8.17,35.0008718,135.7793516,0,5,12,44,4,25,1
id_2863,Ｚｅｎ　Ｖｉｌｌａ　Ｋｕｊｏ,京都市南区東九条中札辻町２３番地３（１Ｆ部分）,南区,簡易宿所,R6.1.24,34.9765419,135.7619955,70,3,3,88,8,102,2
id_2864,三条烏丸の貸し切り宿　すずらん,京都市中京区新町通三条下る三条町３４２,中京区,簡易宿所,H25.10.30,35.0076981,135.7568572,4,0,1,66,3,24,5
id_2865,三井ガーデンホテル京都四条,京都市下京区西洞院通四条下る妙伝寺町707-1,下京区,旅館・ホテル,H9.9.25,35.0029558,135.7547338,2,15,0,56,0,26,8
id_2866,清水　萬治郎,京都市東山区清水二丁目２０８番地１７,東山区,簡易宿所,H24.12.18,34.9968919,135.7804016,4,10,29,79,9,57,1
id_2867,ＷＡＥＮ,京都市下京区西七条西八反田町３９番地,下京区,簡易宿所,R6.9.5,34.9930549,135.7369896,2,2,4,54,2,14,0
id_2868,ホテルシャトレーイン京都,京都市中京区御池通西洞院東入橋之町７４５番地１,中京区,旅館・ホテル,R4.5.23,35.0111362,135.7560488,43,8,21,73,3,91,1
id_2869,ラ・ジェント・ホテル　京都二条,京都市上京区千本通二条下る聚楽町８６３番地５２,上京区,旅館・ホテル,R5.1.20,35.0159892,135.7427892,3,15,0,45,2,30,3
id_2870,青春画廊,京都市北区紫野下柏野町７番地２７　北側,北区,簡易宿所,H30.1.30,35.0340279,135.7369586,16,0,3,46,1,36,0
id_2871,連獅士　西陣店,京都市上京区浄福寺通上立売上る大黒町６８８,上京区,簡易宿所,H22.1.4,35.032671,135.7454634,2,8,37,83,8,71,7
id_2872,島原大門　梅ノ戸庵,京都市下京区諏訪開町４番地２,下京区,簡易宿所,H30.10.5,34.9907865,135.7474159,4,43,35,111,1,85,1
id_2873,京町家ＯＮＥ　ＷＯＲＬＤ　壬生,京都市中京区壬生賀陽御所町３０番地１（北から１棟目）,中京区,簡易宿所,R6.1.17,35.00149,135.746048,9,8,1,94,0,28,7
id_2874,Apartment Hotel 7key S Kyoto,京都市下京区新町通綾小路下る船鉾町４０４番地,下京区,簡易宿所,H29.9.21,35.001462,135.7567783,8,10,18,50,0,41,3
id_2875,洛　綾み屋,京都市下京区大宮通綾小路下る綾大宮町５４番地２,下京区,簡易宿所,H29.6.29,35.0018904,135.7492019,22,75,37,92,3,153,7
id_2876,長安宿・京都・二条城,京都市中京区壬生中川町９番地２,中京区,簡易宿所,R7.10.7,35.0084063,135.7369279,4,34,4,52,2,50,5
id_2877,京蘭　南山,京都市南区東九条南山王町４４番地３,南区,簡易宿所,R7.4.15,34.9818169,135.7630875,17,1,2,61,4,40,3
id_2878,鈴　五条壬生川　東,京都市下京区中堂寺前田町５番地２９,下京区,簡易宿所,H29.11.6,34.994167,135.7463369,16,0,8,35,1,33,4
id_2879,妙満寺　ことひ,京都市下京区綾小路通堀川西入妙満寺町５７４番１号,下京区,簡易宿所,R6.5.30,35.0025341,135.7510065,21,23,25,69,0,70,1
id_2880,長楽寺　宿坊　遊行庵,京都市東山区四条通大和大路東入祇園町南側５３１番地,東山区,旅館・ホテル,R5.9.13,35.0028631,135.7769581,12,2,7,30,4,27,1
id_2881,香柏　東福寺,京都市東山区泉涌寺門前町２９番地３３,東山区,簡易宿所,R3.4.27,34.9831113,135.7722557,2,0,0,49,4,10,0
id_2882,井筒ホテル　京都河原町三条,京都市中京区河原町通三条下る大黒町５２番地,中京区,旅館・ホテル,R6.8.14,35.0082008,135.7687784,133,10,10,103,3,164,7
id_2883,,京都市東山区大和大路四条上る二筋目東入末吉町７９番地・８０番地合併１,東山区,施設外玄関帳場,,35.0053191,135.7738714,1,3,0,31,2,16,1
id_2884,鳳凰苑,京都市下京区新町通六条下る艮町８６２番地３,下京区,簡易宿所,R7.12.18,34.9932429,135.7563718,0,3,4,24,0,10,0
id_2885,菊香荘,京都市右京区太秦西蜂岡町9,右京区,旅館・ホテル,S56.7.17,35.0154038,135.7048388,0,0,0,21,0,48,0
id_2886,辰,京都市左京区吉田下阿達町１９番地１４,左京区,簡易宿所,R1.7.9,35.0223319,135.7749615,4,13,24,103,1,82,10
id_2887,彩韵閣,京都市下京区西七条西八反田町６３番地,下京区,簡易宿所,H29.9.19,34.9932773,135.7369501,33,39,25,62,0,100,0
id_2888,ＫＩＯＲＩ　Ｅｘｅｃ　Ｇｏｊｏ,京都市下京区五条通堀川西入柿本町５７５番地,下京区,旅館・ホテル,R3.6.14,34.9967086,135.7519431,9,13,16,55,1,48,0
id_2889,ＳＴＩＴＣＨ　ＨＯＴＥＬ　Ｋｙｏｔｏ,京都市下京区西石垣通四条下る斎藤町１１９番地,下京区,簡易宿所,R7.6.27,35.0032823,135.7707041,22,25,5,92,3,80,7
id_2890,宵椿,京都市東山区大仏南門通大和大路東入三丁目本瓦町６５６番地１３,東山区,簡易宿所,H29.5.31,34.9860459,135.7730373,40,12,32,102,12,164,4
id_2891,Ｇｕｅｓｔ　Ｉｎｎ　Ｋｙｏｔｏ　雅楽,京都市下京区中堂寺前田町１４番地３，１４番地６,下京区,簡易宿所,R2.4.3,34.9947227,135.7474621,0,2,14,45,0,18,1
id_2892,Ａｋｉｒａ東寺,京都市南区西九条島町５番地３,南区,簡易宿所,R6.4.30,34.9764149,135.7529055,22,23,16,79,16,84,2
id_2893,トミーリッチイン京都,京都市中京区富小路通三条上る福長町１０９－２,中京区,旅館・ホテル,H14.12.12,35.009326,135.7648638,6,7,1,83,0,41,18
id_2894,美築　八坂,京都市東山区八坂鳥居前南入清井町４９２番地,東山区,簡易宿所,H30.2.27,35.0023175,135.777509,6,1,27,69,12,58,0
id_2895,鈴　九条針小路　五九,京都市南区西九条針小路町５９番地,南区,簡易宿所,H28.12.6,34.9827912,135.7515738,0,0,7,29,1,44,0
id_2896,Guest House Locokokoro,京都市伏見区景勝町45番地2,伏見区,簡易宿所,H29.3.24,34.9443196,135.7564267,30,66,29,87,12,245,4
id_2897,都まり家　北山,京都市北区紫竹西桃ノ本町３１番地　１階,北区,簡易宿所,H30.11.22,35.0483125,135.7483389,5,10,0,74,22,39,1
id_2898,谷口旅館,京都市右京区嵯峨柳田町45,右京区,簡易宿所,S61.5.14,35.0135434,135.6844531,14,24,0,47,2,51,0
id_2899,茶の実,京都市中京区東洞院通四条上る阪東屋町６６２番地,中京区,簡易宿所,H28.7.4,35.0045221,135.7605801,3,25,0,54,2,36,3
id_2900,,京都市北区紫野南舟岡町７６番地２,北区,施設外玄関帳場,,35.037653,135.7451711,4,2,0,22,2,17,0
id_2901,ホテルグレイスリー京都三条,京都市中京区新京極通三条下る桜之町４０６番地４,中京区,旅館・ホテル,H28.6.15,35.0078988,135.7670935,0,13,0,31,0,16,0
id_2902,京蘭　華月邸,京都市東山区馬町通大和大路東入四丁目常盤町４６０番地４、４６０番地５,東山区,簡易宿所,R6.9.5,34.9923084,135.7751087,43,10,32,76,30,122,4
id_2903,ＫＦＵ　ｓｔａｙ＆ｌｏｕｎｇｅ,京都市上京区五辻通千本東入上る桐木町８８０番地,上京区,簡易宿所,R2.2.17,35.032203,135.7430044,2,5,0,17,0,22,0
id_2904,ＡＮＪＩＮ　ＧＩＯＮ　ＳＨＩＲＡＫＡＷＡ,京都市東山区三条通白川筋南入唐戸鼻町５５９番地４,東山区,簡易宿所,R2.10.15,35.0081359,135.7796128,2,1,0,46,4,20,2
id_2905,ＡＣＯＡ　ｎｉｊｏ,京都市上京区下立売通七本松東入長門町４３２番地２,上京区,簡易宿所,R7.3.3,35.0200414,135.7409977,8,37,0,62,4,90,5
id_2906,「京の温所」麩屋町二条,京都市中京区麩屋町通二条上る布袋屋町５０２番地,中京区,簡易宿所,H31.3.25,35.0140747,135.7656829,0,1,1,19,0,3,0
id_2907,Ｍｅｅｔ鴨川別邸,京都市東山区問屋町通五条下る四丁目鍵屋町４８６番地２,東山区,簡易宿所,R7.7.22,34.9926128,135.7685464,61,2,6,94,15,96,5
id_2908,ＣＯＣＯＲＯ,京都市山科区御陵鴨戸町５１番地１（家屋番号　７番）,山科区,簡易宿所,H30.6.22,34.9956001,135.8023781,0,17,5,33,0,30,1
id_2909,Ｋｕｊｏ　Ｓｔａｙｓ　梅,京都市南区東九条中殿田町８番地,南区,簡易宿所,H27.10.20,34.9810998,135.7557207,0,1,0,39,0,8,0
id_2910,ＫＩＤ　ＴＲＡＶＥＬＥＲＳ　ＫＹＯＴＯ,京都市下京区西七条東久保町４番地,下京区,簡易宿所,R7.8.28,34.9875418,135.7385808,1,31,12,44,0,47,0
id_2911,Ｋｅｎ　Ｇｕｅｓｔｈｏｕｓｅ　Ｋｙｏｔｏ,京都市中京区壬生御所ノ内町１０番地１４,中京区,簡易宿所,H29.9.26,35.0058648,135.7438533,0,39,2,42,0,45,3
id_2912,ＢＪ　Ｆａｍｉｌｙ　Ｉｎｎ  （ＢＪファミリーイン）,京都市下京区七条通加茂川筋西入稲荷町456番地2,下京区,簡易宿所,H28.1.20,34.9894239,135.7662974,1,3,3,15,0,8,0
id_2913,東寺雲　翁庵,京都市南区西九条開ケ町１０６番地１,南区,簡易宿所,R5.8.1,34.9787611,135.7517006,22,14,17,91,1,63,2
id_2914,京小宿　金閣寺弁天,京都市北区紫野郷ノ上町４１番地２１,北区,簡易宿所,H29.11.15,35.0379524,135.7365904,51,14,26,117,15,117,2
id_2915,鈴　西若松,京都市下京区六条通油小路東入西若松町２７５番地２,下京区,簡易宿所,H28.5.13,34.9940883,135.7539116,1,0,1,40,2,10,0
id_2916,游心居,京都市上京区千本通下立売下る小山町９０８番地３１,上京区,簡易宿所,H30.3.14,35.0187459,135.7433361,1,114,29,67,6,167,1
id_2917,麗閣清水五条,京都市東山区五条通大和大路東入門脇町１８７番地９,東山区,簡易宿所,H29.11.7,34.1134909,134.1625338,48,2,25,91,12,102,4
id_2918,かがりや,京都市下京区東洞院通五条下ル三丁目和泉町523番4,下京区,簡易宿所,H23.7.25,34.9950795,135.7613662,29,35,5,83,3,82,7
id_2919,ＮＡＺＵＮＡ　京都　椿通　ＨＡ－１９,京都市下京区高辻通大宮西入坊門町８３６番地１９,下京区,簡易宿所,R2.4.24,34.9995172,135.7486829,10,12,0,53,1,43,0
id_2920,アマン京都,京都市北区大北山鷲峯町１番地,北区,旅館・ホテル,R1.9.20,35.0502431,135.731536,14,9,3,49,4,57,0
id_2921,ＲＥＳＩ　ＳＴＡＹ　ＹＡＳＡＫＡ,京都市東山区広道通松原上る四丁目毘沙門町２８番地,東山区,簡易宿所,R6.6.14,35.0011322,135.7777296,51,5,0,50,4,60,0
id_2922,ＧＲＯＯＶＥ　ＫＹＯＴＯ　ＯＫＯＳＨＩＹＡＳＵ,京都市下京区西新屋敷太夫町９５番地,下京区,簡易宿所,R6.4.18,34.9915272,135.7439703,3,29,25,84,3,70,1
id_2923,ＭＩＹＡＢＩ　cosy　house,京都市南区西九条池ノ内町３４番地１２,南区,簡易宿所,H29.8.28,34.9839326,135.7527186,21,11,16,94,8,148,2
id_2924,雲・小波,京都市下京区西木屋町通松原下る難波町４２０番地１０,下京区,簡易宿所,H29.3.15,34.9983222,135.7678039,5,1,1,36,0,13,1
id_2925,京の宿華西陣,京都市上京区五辻通七本松西入西柳町５７２番地１,上京区,簡易宿所,H27.11.9,35.0309159,135.738089,4,3,12,56,2,35,0
id_2926,ヴィアーレ聚楽廻,京都市中京区聚楽廻東町８番地１,中京区,簡易宿所,H30.3.22,35.0175975,135.7422241,48,142,11,105,4,234,10
id_2927,鈴　四条高瀬川,京都市下京区西木屋町通松原上る三丁目市之町２６０番地４,下京区,簡易宿所,H28.7.6,35.0012678,135.7692946,19,31,104,84,0,170,7
id_2928,月屋,京都市下京区新町通鍵屋町上る蛭子町139番地1,下京区,簡易宿所,H26.7.18,34.9945538,135.7567157,29,5,127,100,3,175,1
id_2929,Ｎｏ．６　二条,京都市中京区西ノ京池ノ内町１６番地５,中京区,簡易宿所,H29.9.5,35.0108629,135.7466756,111,7,7,82,7,134,1
id_2930,ホテルオークラ京都　岡崎別邸,京都市左京区岡崎天王町２６番地６,左京区,旅館・ホテル,R4.1.4,35.0168719,135.7881247,0,6,8,53,0,39,1
id_2931,カンデオホテルズ京都烏丸六角,京都市中京区六角通烏丸西入骨屋町１４９番地,中京区,旅館・ホテル,R3.5.31,35.0137877,135.7662012,29,0,6,71,3,43,3
id_2932,旅館　第１シャルマン,"京都市伏見区下鳥羽広長町127,128,129,130,131,133の一部",伏見区,旅館・ホテル,S56.12.25,34.9319041,135.7443992,10,44,3,69,9,92,2
id_2933,道,京都市上京区元誓願寺通小川東入元図子町４７７番地４,上京区,簡易宿所,H28.12.28,35.0284234,135.7549235,2,8,4,27,0,18,0
id_2934,京都有客,京都市上京区笹屋町通大宮西入桝屋町５９７番地,上京区,簡易宿所,H31.3.29,35.0279899,135.74785,8,37,16,61,4,73,1
id_2935,京都のお宿　侘助,京都市東山区耳塚通五条下る二丁目蛭子町北組２６１番地１０,東山区,簡易宿所,H28.2.19,34.9932461,135.770269,32,10,25,75,12,98,10
id_2936,京の宿　北海館　お花坊,京都市下京区不明門通下珠数屋町上る卓屋町66-2,下京区,旅館・ホテル,S33.12.19,34.9905558,135.7604474,11,0,0,35,0,18,3
id_2937,三条１９９９,京都市左京区新富小路通仁王門下る讃州寺町２４０番地,左京区,簡易宿所,H27.11.30,35.0103216,135.7746298,25,2,20,95,6,58,1
id_2938,吉祥民宿,京都市下京区梅小路石橋町９０番地１階,下京区,簡易宿所,R1.6.24,34.9861708,135.7359812,17,0,3,79,3,31,1
id_2939,廿人町家　彩雲,京都市下京区東洞院通正面西入廿人講町２９番地３,下京区,簡易宿所,R7.10.22,34.9911516,135.7610123,30,33,6,97,4,93,18
id_2940,えにし東福寺,京都市東山区泉涌寺五葉ノ辻町７番地８,東山区,簡易宿所,H28.7.6,34.9821743,135.7717416,4,0,0,22,2,10,0
id_2941,お宿　つづみ　弐番館,京都市下京区若宮通六条下る若宮町５５４番地（家屋番号５５４－２）,下京区,簡易宿所,R6.6.27,34.9933948,135.7560273,0,9,0,41,0,19,1
id_2942,樸宿,京都市下京区西洞院通六条下る西側町490番地,下京区,簡易宿所,H27.4.24,34.9936646,135.7550138,18,25,4,67,0,57,5
id_2943,園ハウス１階,京都市東山区建仁寺町四条下る四丁目小松町５６３番地１２,東山区,簡易宿所,H28.2.15,35.0002227,135.7749971,12,0,2,45,4,34,1
id_2944,京蘭　蘭花邸,京都市伏見区深草下横縄町２３番地１８、２３番地１９,伏見区,簡易宿所,R6.10.25,34.9694267,135.7689147,1,41,35,88,2,104,2
id_2945,聆川居,京都市下京区二ノ宮町通正面下る上二之宮町４１６番地３,下京区,簡易宿所,R5.8.1,34.9909033,135.7667602,4,25,90,90,3,177,7
id_2946,ドミール稲荷（花伏見稲荷）,京都市伏見区深草一ノ坪町２０番地７ドミール稲荷１階,伏見区,簡易宿所,H29.9.20,34.9687336,135.7697623,2,1,7,26,2,31,1
id_2947,藏や　大宮島原,京都市下京区大宮通花屋町下る大宮二丁目575番地1，575番地4,下京区,簡易宿所,H27.10.5,34.9925122,135.7490141,0,39,3,56,0,49,5
id_2948,エクシブ京都　八瀬離宮,京都市左京区八瀬野瀬町７４番地１,左京区,旅館・ホテル,H18.11.16,35.0651843,135.8072711,13,7,0,55,2,32,5
id_2949,宿はる家　Ｂｏｏｋ,京都市下京区和気町１番１２西側,下京区,簡易宿所,H26.2.27,34.988486,135.7486626,0,2,1,54,1,7,3
id_2950,ＮＩＳＨＩＹＡＭＡ　ＲＹＯＫＡＮ,京都市中京区御幸町二条下る山本町433,中京区,旅館・ホテル,S45.4.17,35.0131089,135.7662971,43,54,9,112,3,148,10
id_2951,逢譚,京都市下京区三ノ宮町通上ノ口上る岩滝町２１５番地,下京区,簡易宿所,R7.9.30,34.9933074,135.7660937,29,5,77,93,7,134,10
id_2952,京蘭－梅月邸,京都市南区東九条河西町１３番地８,南区,簡易宿所,H31.2.13,34.9806285,135.7651217,58,10,17,68,6,103,2
id_2953,ミント　ＰＲＥＭＩＵＭ,京都市伏見区竹田田中殿町８７,伏見区,旅館・ホテル,S60.12.6,34.953407,135.7489517,8,44,29,72,39,205,0
id_2954,京都府立ゼミナールハウス,京都市右京区京北下中町鳥谷２番地,右京区,簡易宿所,S55.5.23,35.1994222,135.6343451,20,15,1,55,0,44,1
id_2955,京一軒町家　さと居　七条壬生　香雪　明星,京都市下京区西酢屋町２番地（家屋番号２７番東側）,下京区,簡易宿所,H31.3.13,34.9894626,135.7462684,5,95,32,100,0,142,1
id_2956,桜川庵　東山,京都市東山区馬町通妙法院北門前妙法院前側町４２７番地４６,東山区,簡易宿所,R6.1.23,34.9915109,135.7739361,37,2,27,77,12,80,0
id_2957,ＫＨＡＫＩ　ＧＵＥＳＴＨＯＵＳＥ,京都市中京区二条通堀川東入矢幡町３１０番地,中京区,簡易宿所,H29.10.3,35.0137144,135.7530037,6,54,6,92,0,76,7
id_2958,辻,京都市左京区大原草生町45,左京区,簡易宿所,S44.11.10,35.1229201,135.8226648,22,11,3,88,8,187,7
id_2959,Ｍａｋｅｒ　Ｈｏｕｓｅ,京都市上京区七本松通一条下る三軒町６６番地２,上京区,簡易宿所,H30.11.27,35.0259533,135.7400412,0,3,12,37,2,39,1
id_2960,白樺之家・夏,京都市南区東九条北松ノ木町３３番地２（西棟）,南区,簡易宿所,R5.2.2,34.9795006,135.7667078,74,13,16,96,8,129,0
id_2961,旅館　ホテル　ファインオリーブ,京都市山科区上花山坂尻107-16,山科区,旅館・ホテル,S55.12.16,34.9821853,135.7958734,0,1,4,31,0,11,1
id_2962,京・馨,京都市上京区猪熊通丸太町下る中之町５１９番地３０５戸１棟長屋の中央,上京区,簡易宿所,R1.10.28,35.0162239,135.7510347,0,0,12,46,2,69,1
id_2963,祥雲斎,京都市中京区猪熊通三条下る三条猪熊町６５３番地１,中京区,簡易宿所,H29.11.13,35.0082804,135.7505112,0,0,3,43,0,6,0
id_2964,Jasmine ２,京都市下京区高辻通大宮西入坊門町835番地1,下京区,簡易宿所,H28.2.10,34.9999817,135.7483756,29,45,43,88,11,139,10
id_2965,ポイントバケーション京都岡崎,京都市左京区岡崎円勝寺町１５４番地,左京区,簡易宿所,H21.10.23,35.0115949,135.7853774,4,16,55,96,20,102,7
id_2966,壬生寺　梅ノ戸庵,京都市中京区壬生下溝町１４番地１４,中京区,簡易宿所,H28.7.25,35.0004659,135.7386394,43,54,5,83,3,121,0
id_2967,Ｇｕｅｓｔ　Ｈｏｕｓｅ　西陣　結,京都市上京区元誓願寺通浄福寺西入今出川町４７７番地３,上京区,簡易宿所,H31.3.29,35.0283586,135.7454448,8,54,29,93,6,109,1
id_2968,東本願寺　門前　京のお宿　華な乃,京都市下京区東洞院通花屋町下る富田町３６４番地,下京区,簡易宿所,H28.11.17,34.9932155,135.7612863,43,0,22,61,2,74,5
id_2969,Ｓｔａｙ ＳＡＫＵＲＡ・京都 清水五条,京都市東山区宝福寺門前小島町５８３番地２,東山区,簡易宿所,H30.12.26,34.9959757,135.7758892,64,19,7,90,15,120,13
id_2970,ゲストハウス舞華,京都市下京区六軒通高瀬川筋東入早尾町３０６番地１,下京区,簡易宿所,H27.4.6,34.993603,135.7665123,0,3,0,65,4,8,0
id_2971,旅館あづまや,京都市下京区西中筋通北小路上る丸屋町１２１番地,下京区,旅館・ホテル,H19.4.24,34.9906539,135.7533985,12,2,0,49,0,14,0
id_2972,桜の宿　東寺南,京都市南区西九条東比永城町３８番地,南区,簡易宿所,R5.5.19,34.9781903,135.7503295,1,3,4,31,0,16,1
id_2973,ＯＭＯ３京都東寺 by 星野リゾート,京都市南区西九条蔵王町１１番地６,南区,旅館・ホテル,R3.3.1,34.9802052,135.753539,4,40,2,79,1,56,2
id_2974,小塩民宿,京都市右京区京北小塩町西谷口１番地の７,右京区,簡易宿所,S55.1.30,35.2230795,135.7077427,40,29,8,82,3,103,0
id_2975,花背こども村,京都市左京区花背八桝町６５０番地,左京区,簡易宿所,H27.12.25,35.2140862,135.7771429,10,16,7,52,0,62,8
id_2976,祗園式音庵白川別邸,京都市東山区新門前通大和大路東入２丁目中之町２４８番地８,東山区,簡易宿所,H29.11.2,35.0064893,135.7761611,10,0,4,17,0,17,0
id_2977,祥雲居,京都市中京区壬生神明町１番地１０６,中京区,簡易宿所,H29.3.27,35.0067609,135.7388063,48,181,2,88,3,241,7
id_2978,竹海,京都市南区東九条松田町８４番地,南区,簡易宿所,H30.1.29,34.9746978,135.754486,0,0,1,17,1,6,0
id_2979,桜の宿　高田町,京都市南区唐橋高田町２０番地１７,南区,簡易宿所,R5.4.20,34.9812841,135.7421507,47,2,2,88,6,62,2
id_2980,京舞イン,京都市下京区東洞院通七条下る二丁目東塩小路町685の2,下京区,簡易宿所,H6.8.8,34.9870789,135.761854,5,41,6,113,0,93,25
id_2981,京蘭　桜彩邸,京都市東山区本町十二丁目２３６番地３,東山区,簡易宿所,R6.12.6,34.9815386,135.7712133,4,0,14,63,9,28,0
id_2982,Stay SAKURA Kyoto 東寺 椿～TSUBAKI～,京都市南区八条内田町２６番地１，２６番地２,南区,簡易宿所,R1.9.2,34.9796656,135.7433687,7,4,4,42,0,33,0
id_2983,,京都市中京区壬生松原町３６番地４５,中京区,施設外玄関帳場,,34.999182,135.739835,6,47,20,82,3,85,5
id_2984,香柏　金閣　禄,京都市北区紫野郷ノ上町２２番地２０,北区,簡易宿所,R3.8.3,35.0374346,135.7382092,54,15,9,98,12,239,0
id_2985,Ｕｍｅ　Ｈｏｕｓｅ,京都市南区八条源町８５番地１,南区,簡易宿所,H30.6.14,34.9825823,135.7437317,17,8,14,56,1,41,1
id_2986,慶有魚　枡屋,京都市下京区御幸町通高辻下る桝屋町４７３番地８,下京区,簡易宿所,R4.3.24,34.9994699,135.76649,25,29,90,101,0,156,10
id_2987,清水いにしえ庵,京都市東山区五条橋東六丁目５３９番地４５,東山区,簡易宿所,H29.9.20,34.9950767,135.7801702,7,0,0,23,2,9,0
id_2988,紡　上鱗形町,京都市下京区麸屋町通松原下る上鱗形町５０２番地３、松原通富小路東入松原中之町５００番地２,下京区,簡易宿所,R5.12.4,34.9987114,135.7653994,2,21,16,62,2,51,5
id_2989,ＨＯＴＥＬ　ＶＭＧ　ＶＩＬＬＡ　ＫＹＯＴＯ,京都市東山区高台寺北門前通下河原東入鷲尾町５２３番地,東山区,簡易宿所,R6.10.23,35.001711,135.7805203,5,29,64,73,0,125,7
id_2990,Ｃｏｎｎｅｃｔ　ｉｎｎ　祇園毘沙門町,京都市東山区広道通松原上る四丁目毘沙門町４４番地９３,東山区,簡易宿所,R2.2.5,35.00041,135.7769724,40,16,40,84,15,129,4
id_2991,ＷｅＢａｓｅ　京都,京都市下京区新町通仏光寺下る岩戸山町４３６番地１、４３６番地２、４３６番地３、４３６番地４,下京区,簡易宿所,R5.2.2,35.0003887,135.7563583,1,5,1,33,0,10,0
id_2992,舞妓,京都市山科区四ノ宮岩久保町１０番地７,山科区,簡易宿所,H31.4.5,34.9916539,135.8252575,32,31,14,97,7,87,1
id_2993,籠～ＮＵＫＵＭＯＲＩ～,京都市左京区東竹屋町通川端東入東竹屋町６９番地２５,左京区,簡易宿所,H29.6.27,35.0164344,135.7730973,19,10,0,61,0,55,1
id_2994,一乗寺赤ノ宮西ＩＮＮ,京都市左京区一乗寺赤ノ宮町１１番地９,左京区,簡易宿所,H31.2.14,35.0423248,135.7826516,24,5,0,47,2,56,3
id_2995,楽逢い,京都市南区東九条東御霊町１番地３１,南区,簡易宿所,R3.11.24,34.9771662,135.7629483,5,2,3,33,0,21,0
id_2996,芹生,京都市左京区大原勝林院町22,左京区,旅館・ホテル,S58.10.17,35.1195775,135.8337342,3,17,18,86,6,88,1
id_2997,不動温泉,京都市左京区北白川地蔵谷町1-244,左京区,簡易宿所,S38.7.30,35.0379894,135.8090355,5,3,3,28,1,16,0
id_2998,京都ゲストハウスさくら屋,京都市南区東九条北松ノ木町１３番地１０,南区,簡易宿所,H30.7.24,34.9778695,135.76631,0,0,1,42,2,114,0
id_2999,東松屋町ウエスト,京都市下京区花屋町通新町西入東松屋町８４２番地３,下京区,簡易宿所,H27.10.15,34.9927677,135.7563244,21,10,31,39,1,66,0
id_3000,一耕の宿　上馬町５４０－１０,京都市東山区馬町通本町東入八丁目上馬町５４０番地（家屋番号４５番３）,東山区,簡易宿所,R1.9.27,34.9917056,135.7787873,43,16,37,96,12,126,4
id_3001,ホテルとなりのクル,京都市伏見区竹田西小屋ノ内町４３，４４,伏見区,旅館・ホテル,S56.7.17,34.9521964,135.7466434,9,44,5,73,12,95,1
id_3002,京料理　箔,京都市中京区木屋町通三条上る上大阪町５２８番地３,中京区,簡易宿所,H28.9.27,35.0096201,135.7710706,51,10,1,93,0,75,7
id_3003,彩松Ａｎｎｅｘ,京都市南区東九条北松ノ木町２３番地４,南区,簡易宿所,H30.8.22,34.9781125,135.7656293,6,1,5,35,1,40,0
id_3004,慶有魚　麩屋,京都市下京区麩屋町通松原下る上鱗形町５２５番地１,下京区,簡易宿所,R7.3.13,34.9977523,135.7653716,15,3,4,66,0,46,5
id_3005,ウェスティン都ホテル京都,京都市東山区粟田口華頂町壱番地,東山区,旅館・ホテル,H17.3.31,35.0082319,135.7879462,34,9,20,70,1,70,3
id_3006,洛 徐宅,京都市北区小山中溝町２番地９,北区,簡易宿所,H30.12.25,35.0393595,135.7570353,51,2,9,99,30,113,0
id_3007,ＲＥＳＩＤＥＮＣＥ　ＪＯ　ＭＩＢＵＢＡＮＢＡ,京都市中京区壬生馬場町１２番地２２,中京区,簡易宿所,H30.10.16,35.0077472,135.7448461,57,54,10,104,3,168,18
id_3008,梅の宿　稲荷,京都市伏見区深草鈴塚町１番地２９,伏見区,簡易宿所,R4.12.14,34.9697617,135.7679637,2,7,3,17,2,15,0
id_3009,,京都市南区東九条西山王町７番地（西側１軒目）,南区,施設外玄関帳場,,34.9827234,135.7600767,3,12,12,66,12,114,2
id_3010,桜香楽,京都市東山区三条通白川橋西入二筋目下る古川町５４１－２,東山区,簡易宿所,H22.8.26,35.0087936,135.7787873,0,0,10,23,0,10,0
id_3011,ＯＲＩ　ｓｔａｙ＆ｌｉｖｉｎｇ,京都市上京区大宮通今宮御旅所下る東入東若宮町６７番地２１,上京区,簡易宿所,H30.7.3,35.0377291,135.7502939,0,4,22,72,4,47,0
id_3012,ＴＡＫＥＹＡ　ＧＯＪＯ　ＨＯＮＫＡＮ,京都市下京区堺町通五条上る俵屋町２２５番地８,下京区,簡易宿所,H28.9.27,34.9971453,135.7634184,7,1,12,38,0,21,0
id_3013,,京都市上京区一条通七本松東入一観音町４２８番地８７,上京区,施設外玄関帳場,,35.0272699,135.739895,3,0,1,41,2,51,0
id_3014,みずのは,京都市東山区鞘町通五条下る二丁目大阪町３７１番地１,東山区,簡易宿所,R5.7.12,34.9942295,135.7690377,18,6,2,44,0,28,0
id_3015,京蘭－風花邸,京都市南区東九条東岩本町１番地４,南区,簡易宿所,R2.4.23,34.982197,135.7645321,19,2,14,83,6,46,1
id_3016,ホテルインフォメーション２４,京都市伏見区竹田小屋ノ内町６－３４,伏見区,旅館・ホテル,H4.7.17,34.940455,135.7491556,3,0,0,42,4,9,0
id_3017,京蘭－静竹邸,京都市南区東九条中御霊町２１番地２，２２番地１,南区,簡易宿所,R4.2.14,34.9780474,135.7622124,62,12,3,74,6,89,2
id_3018,稲荷宿,京都市伏見区深草飯食町８２２番地１０,伏見区,簡易宿所,H30.12.25,34.9554589,135.7696024,4,25,31,49,1,67,1
id_3019,慶有魚　木犀,京都市下京区麩屋町通松原下る上鱗形町５１１番地,下京区,簡易宿所,R7.2.12,34.9983556,135.7653809,0,0,0,25,0,14,3
id_3020,サクラホテル　レジェンド,京都市北区北野上白梅町６２－１，６２－３,北区,簡易宿所,H23.6.24,35.0278279,135.7322404,51,12,7,97,15,94,2
id_3021,岩戸山ホステル,京都市下京区新町通仏光寺下る岩戸山町４２１番地,下京区,簡易宿所,R1.8.6,35.000865,135.756976,0,0,2,38,1,5,0
id_3022,おぶねの家,京都市東山区大和大路通五条上る山崎町３７５番地１,東山区,簡易宿所,R7.10.6,34.9960585,135.7716439,4,14,14,55,4,41,0
id_3023,ＴＨＥ　ＭＩＹＯＳＨＩ,京都市東山区祇園町南側５７０番地１５８,東山区,簡易宿所,R5.10.11,35.0029036,135.7758794,32,12,4,73,0,59,10
id_3024,九色庵,京都市中京区壬生森前町２７番地,中京区,簡易宿所,H29.2.20,35.0020641,135.7387274,14,0,0,47,2,26,0
id_3025,香柏　二条　笙,京都市上京区千本通上長者町下る革堂前之町１２２番地３,上京区,簡易宿所,R1.5.30,35.022691,135.7427892,0,1,10,26,1,13,0
id_3026,,京都市下京区西七条北東野町７５番地,下京区,施設外玄関帳場,,34.9901678,135.7376449,9,35,0,48,1,49,3
id_3027,宮川町町家 ２Ｆ,京都市東山区柿町通大黒町西入東川原町５２７番地　２階,東山区,簡易宿所,R1.7.31,34.996906,135.7707015,64,3,6,87,15,113,5
id_3028,山ばな　平八茶屋,京都市左京区山端川岸町8-1,左京区,旅館・ホテル,S45.12.16,35.0541115,135.7910705,15,10,13,67,12,52,1
id_3029,Ｗａｌｋｅｒ　Ｈｏｓｔｅｌ　Ｋｙｏｔｏ,京都市東山区泉涌寺東林町１４番地７,東山区,簡易宿所,H31.1.21,34.9813129,135.7763798,6,2,29,85,9,59,3
id_3030,サクラテラス,京都市南区東九条烏丸町１－１,南区,旅館・ホテル,H25.10.21,34.9798572,135.7594022,3,11,11,65,6,58,0
id_3031,繭　グレイスホテル,京都市中京区小川通御池下る壺屋町４５７番地２,中京区,旅館・ホテル,R1.7.22,35.0099917,135.7540089,10,2,0,31,0,16,0
id_3032,Ｇｕｅｓｔ　ｈｏｕｓｅ　古都音－ＫＹＯＴＯ,京都市右京区西京極芝ノ下町１０番地１,右京区,簡易宿所,H29.2.1,34.9861361,135.7185999,20,15,1,55,1,100,1
id_3033,京町家　結,京都市南区西九条針小路町５７番地,南区,簡易宿所,H29.5.10,34.9828216,135.7515617,4,2,2,81,16,69,2
id_3034,御宿　西七条,京都市下京区西七条北西野町２番地,下京区,簡易宿所,R1.9.19,34.990297,135.7332095,0,1,1,24,0,7,0
id_3035,京都タワーホテルアネックス,京都市下京区新町通七条下る東塩小路町５９５番地の１,下京区,旅館・ホテル,S60.3.22,34.9880727,135.756544,0,0,1,37,0,3,1
id_3036,Ｃｏｎｎｅｃｔ　ｉｎｎ　京都駅南,京都市南区東九条北烏丸町３８番地１５,南区,簡易宿所,R2.4.16,34.9812889,135.7606044,21,0,6,39,2,33,0
id_3037,ホテル　ささりんどう,京都市東山区四条通大和大路東入祇園町南側 570-102他,東山区,旅館・ホテル,H8.4.26,35.0033079,135.7737595,4,1,2,61,0,11,2
id_3038,京のお宿　ＡＺＵ,京都市南区東九条中殿田町１６番地３,南区,簡易宿所,H28.9.21,34.9812573,135.7577093,79,18,18,101,8,210,2
id_3039,司宸閣,京都市下京区二人司町１番地１５,下京区,簡易宿所,R2.1.17,34.9919707,135.7460858,3,0,1,25,1,9,1
id_3040,山城町　悠月,京都市東山区大黒町通松原下る二丁目山城町２８２番地２,東山区,簡易宿所,R7.10.24,34.9973498,135.7712505,29,7,58,55,0,98,2
id_3041,ＫＹＯＴＯ　ＦＯＵＲ　ＳＩＳＴＥＲＳ　ＲＥＳＩＤＥＮＣＥ,京都市中京区西洞院通竹屋町下る毘沙門町３８７番地，３８９番地１,中京区,簡易宿所,H29.7.14,35.0158034,135.7548794,2,2,0,34,0,15,0
id_3042,織屋の宿　唐紅,京都市北区紫野上柏野町３５番地１,北区,簡易宿所,H29.10.30,35.0363088,135.7374628,51,17,10,92,18,184,2
id_3043,長野家,京都市中京区神泉苑通御池下る神泉苑町２１番地,中京区,簡易宿所,H30.11.27,35.0101279,135.7471502,0,0,0,25,0,6,1
id_3044,たま靑,京都市下京区不明門通五条上る玉屋町５２１番地１、５１９番地 、５１５番地２,下京区,旅館・ホテル,R5.7.3,34.9968403,135.7605024,10,0,14,53,1,27,0
id_3045,ふふ　京都,京都市左京区南禅寺草川町４１番地,左京区,旅館・ホテル,R3.3.31,35.0112825,135.7861517,25,13,3,75,1,60,18
id_3046,Ｕｇｕｉｓｕａｎ　鶯庵,京都市下京区二人司町１番地１７,下京区,簡易宿所,R4.9.7,34.9919651,135.7462683,17,75,5,91,7,113,1
id_3047,Ｐｒｉｖａｔｅ　Ｃｏｎｄｏ　令,京都市南区東九条下殿田町３５番地４,南区,簡易宿所,R2.1.10,34.9802322,135.7577427,13,7,0,46,3,27,0
id_3048,ｚｉｚｉ　五条,京都市下京区油小路通松原下る樋口町２８３番地１,下京区,簡易宿所,R4.3.18,34.9976863,135.7540513,10,31,36,46,1,86,0
id_3049,清水五条Ｎ邸,京都市東山区本町二丁目７４番地２,東山区,簡易宿所,H28.9.20,34.9941553,135.7701116,3,7,0,46,4,21,2
id_3050,栞,京都市中京区壬生梛ノ宮町１３番地,中京区,簡易宿所,R7.10.7,35.003106,135.7437423,14,15,2,45,1,42,0
id_3051,ＨＯＴＥＬ ＲＩＮＧＳ ＫＹＯＴＯ,京都市中京区堺町通六角下る甲屋町３９３番地,中京区,旅館・ホテル,R3.9.22,35.0067797,135.7632055,10,0,0,33,0,17,0
id_3052,,京都市上京区今出川通御前通東入社家長屋町６８８番地,上京区,施設外玄関帳場,,35.0137877,135.7662012,6,28,36,60,4,84,5
id_3053,福家　聚楽,京都市中京区聚楽廻西町６４番地９,中京区,簡易宿所,H28.6.20,35.018886,135.7405722,16,39,3,37,2,68,1
id_3054,京都駅サウス,京都市南区東九条西明田町５３番地,南区,簡易宿所,H28.12.26,34.9762958,135.7569968,7,0,0,36,5,18,0
id_3055,弁天宝船　ＢＥＮＴＥＮ　Ｔｒｅａｓｕｒｅ　Ｓｈｉｐ,京都市上京区千本通出水上る弁天町３０５番地２,上京区,簡易宿所,R6.12.19,35.0219127,135.7437237,9,41,27,72,4,157,18
id_3056,和　ＮＡＧＯＭＩ,京都市中京区西ノ京左馬寮町１０番地３９　１階,中京区,簡易宿所,R2.5.15,35.0168382,135.735628,64,82,2,111,3,176,10
id_3057,相鉄フレッサイン　京都四条烏丸,京都市下京区綾小路通烏丸西入童侍者町１６０番地,下京区,簡易宿所,R6.4.15,35.0023039,135.7588103,14,23,4,81,0,92,18
id_3058,慶有魚　奏　北側,京都市下京区高辻通油小路東入永養寺町２３７番地３８、２３７番地６　北側,下京区,簡易宿所,R5.7.26,35.000224,135.7543781,3,0,0,23,1,7,0
id_3059,京宿家　新道あやめ庵,京都市東山区宮川筋四条下る宮川筋八丁目４１４番地１,東山区,簡易宿所,H28.6.15,34.9965432,135.7692198,5,2,4,28,0,17,2
id_3060,谷町君　星屋　離宮の宿　和楽庵,京都市中京区新シ町通御池下る大文字町２５４番地,中京区,簡易宿所,R3.12.22,35.0101017,135.7495628,51,62,1,105,0,132,1
id_3061,Ｓｔａｙ　ＳＡＫＵＲＡ　Ｋｙｏｔｏ　東寺南Ⅱ,京都市南区西九条大国町５番地５　２階,南区,簡易宿所,H28.12.26,34.9785314,135.7460001,0,0,7,43,5,30,0
id_3062,源之進,京都市左京区久多上の町５６番地,左京区,簡易宿所,H29.3.31,35.2764027,135.8120282,3,2,0,25,1,16,0
id_3063,Ｃａｓａ　Ｌｕｎａ　賞月居,京都市南区東九条東御霊町５８番地１６　１Ｆ,南区,簡易宿所,R3.10.27,34.9775353,135.7636849,18,10,11,72,1,47,3
id_3064,京都清風庵,京都市東山区新橋通大和大路東入三丁目林下町４５２番地３,東山区,簡易宿所,H28.12.7,35.0080112,135.78038,29,10,27,78,0,78,1
id_3065,華暦,京都市南区東九条南石田町１０８番地１５、１０９番地１,南区,簡易宿所,R5.7.5,34.9711471,135.7610906,0,1,13,70,1,46,4
id_3066,京の宿ｅｎ,京都市東山区五条橋東六丁目５８３番地５０,東山区,簡易宿所,H30.10.5,34.9953431,135.7800156,10,8,8,37,4,36,1
id_3067,Ｍｕｍｅ,京都市東山区新門前通大和大路東入三丁目梅本町２６１,東山区,簡易宿所,H21.4.8,35.0063354,135.7769599,4,4,0,22,0,9,0
id_3068,京宿家　豊園　くれない庵,京都市下京区綾小路通東洞院東入神明町722番４,下京区,簡易宿所,H22.11.1,35.0028619,135.76153,29,6,49,102,1,106,10
id_3069,ＳＯＷＡＫＡ　本館,京都市東山区八坂鳥居前清井町４８０番地,東山区,簡易宿所,H30.10.24,35.0016794,135.7783306,0,0,1,34,2,4,0
id_3070,珞庭,京都市南区東九条上御霊町１２番地３２,南区,簡易宿所,R3.7.9,34.980444,135.7634389,22,13,2,83,16,58,1
id_3071,竹富,京都市東山区祇園町南側５７０－１２０,東山区,簡易宿所,H19.8.2,35.0015896,135.774281,6,13,5,81,12,44,4
id_3072,Ｒｉｎｎ　Ｋｉｔａｇｏｍｏｎ,京都市東山区大黒町通松原下る北御門町２５６番地,東山区,簡易宿所,R2.7.3,34.9980725,135.7715003,34,1,4,78,9,56,0
id_3073,京都東山荘,京都市東山区松原通広道東入清水四丁目１５９番地,東山区,旅館・ホテル,H20.4.10,34.9973779,135.7789232,18,5,12,45,0,37,0
id_3074,徳平庵,京都市右京区京北上弓削町弾正４番地,右京区,簡易宿所,H27.7.3,35.20417,135.6396545,12,0,0,40,0,19,0
id_3075,嵐山　三楽荘,京都市右京区嵯峨天龍寺北造路町６番地１,右京区,簡易宿所,H29.10.30,35.0165623,135.6788518,82,21,6,64,2,116,2
id_3076,,京都市下京区新町通鍵屋町下る蛭子町１４３番地５,下京区,施設外玄関帳場,,34.9944178,135.7567916,29,5,5,85,0,48,7
id_3077,香柏　金閣　寿,京都市北区紫野郷ノ上町２２番地４７,北区,簡易宿所,R3.6.21,35.0373269,135.7381925,133,40,10,89,2,248,6
id_3078,,京都市中京区両替町通押小路下る金吹町４７９番地　北側,中京区,施設外玄関帳場,,35.0133233,135.7589384,8,8,0,28,0,17,0
id_3079,灯りそう,京都市中京区壬生松原町３６番地５,中京区,簡易宿所,H30.6.18,34.9988462,135.7403408,0,0,3,33,0,10,1
id_3080,祇園クリスタルホテル,京都市東山区新橋通大和大路東入林下町４３５番地,東山区,旅館・ホテル,R6.2.7,35.005723,135.7774076,57,14,37,89,12,141,10
id_3081,京都やどまち　若宮五条Ⅰ,京都市下京区若宮通五条上る布屋町９２番地,下京区,簡易宿所,H29.2.6,34.9969285,135.7560879,3,21,4,92,3,60,7
id_3082,相鉄フレッサイン　京都清水五条,京都市下京区五条通堺町西入塩竈町３９１番地１,下京区,簡易宿所,R4.2.21,34.9963435,135.7644242,62,5,40,103,0,147,25
id_3083,烏丸町　彤,京都市南区東九条烏丸町２６番地１,南区,簡易宿所,R5.10.19,34.980484,135.7605627,6,4,1,37,0,46,0
id_3084,花見・高瀬川,京都市下京区寺町通五条上る西橋詰町７７１番６,下京区,簡易宿所,H24.1.24,34.9967524,135.7671784,15,20,4,73,0,45,5
id_3085,たて糸庵,京都市上京区寺之内通堀川西入東西町368番地,上京区,簡易宿所,H27.3.31,35.033697,135.7503387,9,54,29,75,0,99,7
id_3086,ｓｏｙｏ－ｋａ　ｋｙｏｔｏ　ｓａｎｊｏ,京都市中京区堺町通三条下る道祐町１３５番地,中京区,旅館・ホテル,R7.9.24,35.0083148,135.7633351,32,37,6,71,3,80,0
id_3087,町家小宿　京のおおぞら,京都市中京区壬生松原町４４番地１,中京区,簡易宿所,R1.9.27,34.9995898,135.7406565,46,3,0,49,1,67,8
id_3088,薫　樹　ｘｉａｎｇ　ｐｏ　ｐｏ　ｉｎｎ,京都市中京区壬生土居ノ内町４３番地４　１階，２階,中京区,簡易宿所,R1.8.7,35.0010977,135.7350708,4,7,0,17,0,11,0
id_3089,京町家　丹定,京都市中京区夷川通室町東入巴町９０番地両替町通夷川下る北小路町９４番地,中京区,簡易宿所,H30.7.3,35.0141909,135.7587624,32,106,6,68,0,147,0
id_3090,四季東福寺,京都市東山区泉涌寺東林町２９番地７,東山区,簡易宿所,H30.7.30,34.9812077,135.7742502,12,8,0,45,4,31,1
id_3091,旅館　ホテル　マドラス,京都市東山区大和大路通四条下る小松町11-6,東山区,旅館・ホテル,S60.2.9,34.9981258,135.7762687,24,14,3,64,1,45,2
id_3092,百合の家,京都市左京区吉田牛ノ宮町５番地１９,左京区,簡易宿所,H30.7.10,35.0260312,135.7775157,29,2,17,100,25,86,1
id_3093,本陣　稲荷邸,京都市伏見区深草秡川町２２番地２１,伏見区,簡易宿所,R4.10.28,34.9673603,135.768334,6,0,0,45,0,8,0
id_3094,無二　七条,京都市下京区三ノ宮町通正面下る上三之宮町２８０番地クラシカル志音Ⅱ　１階１０１号室,下京区,簡易宿所,H30.9.27,34.990878,135.7659456,22,39,32,91,9,129,7
id_3095,インサイトコート山科,京都市山科区御陵天徳町２１番地１,山科区,簡易宿所,H30.9.21,34.9919238,135.8121243,2,7,4,30,0,33,0
id_3096,ホテルモンドンス　京都五条,京都市下京区堺町通五条上る俵屋町２２８番地１，２２８番地３，２３０番地１，２３０番地２,下京区,簡易宿所,H31.2.6,34.9973007,135.7631823,22,20,64,70,0,117,1
id_3097,Ｋｙｏｔｏ　Ａｎｎ,京都市南区東九条南山王町４番地１,南区,簡易宿所,H29.12.25,34.9808221,135.7623233,35,15,4,116,8,110,2
id_3098,,京都市東山区本町通五条下る本町十九丁目３９９番地,東山区,施設外玄関帳場,,34.9749847,135.7709689,7,0,0,28,2,17,2
id_3099,和み家　京都　祇園,京都市東山区大和大路通四条下る大和町１５番地１,東山区,簡易宿所,H28.11.4,35.0031304,135.7723091,0,0,0,17,4,6,0
id_3100,宿ルＫＹＯＴＯ ＨＡＮＡＲＥ 壬ノ宿,京都市中京区壬生坊城町６６番地１５,中京区,簡易宿所,H31.3.1,35.0052606,135.7467092,24,23,3,64,2,57,3
id_3101,ＴＨＥ　ＣＡＭＯＵＦＬＡＧＥ,京都市中京区西ノ京船塚町１６番地２７,中京区,簡易宿所,H30.7.19,35.0113547,135.7372927,0,2,1,26,0,4,0
id_3102,Ｋａｍｏｎ　Ｉｎｎ　Ａｉｆｕｋａｃｈｏ,京都市伏見区深草相深町９番地６,伏見区,簡易宿所,H30.3.20,34.972499,135.7692471,21,51,27,83,12,165,0
id_3103,京の宿　西大路　ｉｎｎ,京都市下京区七条御所ノ内北町４７番地２（２Ｆ）,下京区,簡易宿所,R1.11.5,34.9867611,135.7302468,70,5,35,97,0,193,7
id_3104,宮川町　ほとり,京都市東山区宮川筋蛭子図子下る宮川筋四丁目３２２番地２,東山区,簡易宿所,R2.4.23,34.9992332,135.7702964,0,5,0,55,0,11,2
id_3105,樂安居　院町　葵,京都市南区西九条院町２２番地３９　南側,南区,簡易宿所,R3.4.28,34.9824072,135.7562541,6,8,4,36,2,63,0
id_3106,夏嵐・北松ノ木町,京都市南区東九条北松ノ木町２１番地１,南区,簡易宿所,R2.10.30,34.977853,135.7658062,10,16,0,54,2,61,0
id_3107,リブマックスホステルズ京都駅前,京都市南区西九条池ノ内町９６番地１,南区,簡易宿所,R2.1.27,34.9829126,135.7534729,18,11,16,82,1,146,1
id_3108,二条じゅらく庵,京都市中京区聚楽廻松下町１１番地３１,中京区,簡易宿所,H28.3.1,35.0196581,135.7387391,0,5,1,19,0,9,0
id_3109,いちい,京都市上京区六軒町通五辻上る末広町３９番地１,上京区,簡易宿所,H29.2.7,34.9800612,135.7216017,7,28,27,64,0,79,1
id_3110,はぎ,京都市北区紫野中柏野町６２番地９,北区,簡易宿所,H29.8.8,35.035202,135.73839,34,7,6,68,12,64,0
id_3111,桃山いろは舘,京都市伏見区桃山町鍋島6,伏見区,旅館・ホテル,S58.10.3,34.9328559,135.7698524,1,6,22,73,30,115,2
id_3112,京宿　いま屋,京都市中京区釜座通押小路下る下松屋町７２６番地４,中京区,簡易宿所,H29.3.13,35.0114868,135.7558071,14,3,2,38,1,22,1
id_3113,雲　ｋｕｍｏ,京都市北区雲ケ畑中津川町２８２番地,北区,簡易宿所,R7.10.24,35.1120579,135.7248235,45,2,5,82,12,133,4
id_3114,京宿　いなり,京都市伏見区深草下横縄町１８番地４９,伏見区,簡易宿所,R2.2.25,34.9694364,135.7693987,0,7,10,28,2,43,0
id_3115,東山ユースホステル,京都市東山区三条通白川橋東入五軒町112,東山区,簡易宿所,S51.7.26,35.0091056,135.7814307,8,0,0,38,2,13,2
id_3116,,京都市下京区中堂寺櫛笥町１８番地１３　１階,下京区,施設外玄関帳場,,34.9968249,135.7474599,27,75,6,107,9,128,7
id_3117,Ｐｒｉｖａｔｅ　ｒｅｓｉｄｅｎｃｅ　嘉（ＹＯＳＨＩ）,京都市南区東九条北烏丸町３８番地２,南区,簡易宿所,H31.4.9,34.9809639,135.7606339,54,10,3,79,6,123,0
id_3118,ＭＡＣＨＩＹＡ　ｄｅ　ＳＡＵＮＡ,京都市南区東九条室町３０番地２６,南区,簡易宿所,R6.10.3,34.9828833,135.75685,0,2,2,21,0,5,0
id_3119,Ｔｈｅ　ｋｙｏ・ＭＡＴＳＵＴＡＮＩ　京都・松涧,京都市東山区五条坂若宮八幡南前下る慈法院庵町５９４番地９,東山区,簡易宿所,R5.8.8,34.9929185,135.7760465,2,11,8,34,0,23,1
id_3120,夏様・内畑町,京都市中京区西ノ京内畑町１３番地４,中京区,簡易宿所,R7.12.26,35.0142132,135.7388521,1,15,0,35,2,24,0
id_3121,五条坂町家,京都市東山区馬町通大和大路東入五丁目下馬町４９２番地７,東山区,簡易宿所,H27.11.24,34.9924642,135.7770736,16,0,10,39,4,32,0
id_3122,鶴居・御所西,京都市上京区椹木町通室町東入養安町２４２番地４,上京区,簡易宿所,H30.5.15,35.0186687,135.7588049,3,13,0,40,2,40,1
id_3123,京都楓ホテル鴨川,京都市左京区田中下柳町１０番地５,左京区,簡易宿所,H30.12.12,35.0284298,135.7734221,3,2,3,24,0,10,1
id_3124,無限の息,京都市東山区八坂鳥居前清井町４８４番地２,東山区,簡易宿所,R2.4.20,35.0021456,135.7780635,20,21,58,55,0,105,2
id_3125,憩　出町柳,京都市左京区田中下柳町８番地９０,左京区,簡易宿所,H30.4.10,35.0288733,135.7741761,18,10,3,76,1,40,1
id_3126,ヴィアインプライム京都駅八条口,京都市南区東九条上殿田町４４番地１（西敷地）,南区,旅館・ホテル,H31.4.25,34.9834542,135.7593185,3,25,14,75,1,49,1
id_3127,清水居,京都市東山区六波羅裏門通西入池殿町２１９番地３,東山区,簡易宿所,R6.3.5,34.997098,135.7726425,37,11,22,81,2,83,3
id_3128,京都ぎおんの宿　ふー,京都市東山区新門前通大和大路東入西之町２３１番地,東山区,簡易宿所,H28.11.14,35.0061973,135.774202,1,0,4,22,0,8,0
id_3129,風音・鴨川,京都市東山区一橋野本町８７番地４６,東山区,簡易宿所,H30.6.12,34.984482,135.7687978,54,14,49,103,18,154,5
id_3130,季楽庵京都駅北,京都市下京区高倉通花屋町下る若松町４１５番地２,下京区,簡易宿所,H30.9.4,34.9932195,135.7623829,3,37,37,102,1,88,7
id_3131,,京都市南区西九条東比永城町３８番地,南区,施設外玄関帳場,,34.9781903,135.7503295,3,2,3,77,6,47,0
id_3132,山城家旅館,京都市下京区東洞院通七条下ル塩小路町517-2,下京区,旅館・ホテル,H18.4.24,34.9885284,135.7609638,22,5,40,81,7,82,7
id_3133,京の嵐　清水,京都市東山区六波羅裏門通東入二丁目竹村町１４８番地２,東山区,簡易宿所,H30.9.5,34.9965993,135.7750002,7,17,35,110,15,91,5
id_3134,山茂登旅館,京都市東山区五条橋東三丁目412,東山区,旅館・ホテル,S62.11.2,34.9953533,135.7728882,4,7,0,56,0,15,0
id_3135,ＪＰ　ＩＮＮ　京都駅前　井筒町,京都市下京区北小路通新町西入井筒町６５１番地２,下京区,簡易宿所,R3.4.28,34.9902018,135.7559392,1,0,1,34,0,8,1
id_3136,ロータス　ゴージャス　ジャパン,京都市伏見区竹田東小屋ノ内町３,伏見区,旅館・ホテル,S59.12.4,34.9529867,135.748953,7,6,58,69,22,155,1
id_3137,忍者侍,京都市南区東九条柳下町63番地10,南区,簡易宿所,H28.7.19,34.9741035,135.7641687,18,11,2,78,6,96,2
id_3138,あらか園邸,京都市東山区建仁寺町四条下る四丁目小松町１５７番地,東山区,簡易宿所,H29.3.23,34.9990344,135.7722474,6,11,32,94,2,58,1
id_3139,宿きらまち　Ｇ,京都市下京区綾小路通西洞院東入新釜座町７２２番地,下京区,簡易宿所,H29.2.1,35.0032015,135.7562168,40,13,52,67,0,118,5
id_3140,殿田の宿,京都市南区東九条南烏丸町１４番地４,南区,簡易宿所,R2.2.25,34.977286,135.7591048,3,2,2,24,1,9,0
id_3141,久宿　白川,京都市東山区三条通南二筋目白川筋西入唐戸鼻町５５５番地３,東山区,簡易宿所,R2.3.11,35.0078549,135.778596,16,5,2,57,4,39,1
id_3142,加茂川荘,京都市東山区大和大路通三条下る新五軒町181,東山区,旅館・ホテル,S46.6.1,35.0075462,135.7725943,8,17,90,92,2,136,1
id_3143,ＴＨＥ　ＭＡＣＨＩＹＡ　ＫＡＭＩＵＭＥＹＡ,京都市東山区大和大路通五条下る二丁目上梅屋町１６１番地２,東山区,簡易宿所,H30.9.11,34.9930969,135.7730645,76,10,4,77,2,109,7
id_3144,SAKURA TERRACE THE GALLERY,京都市南区東九条上殿田町39番地,南区,旅館・ホテル,H27.3.9,34.9830029,135.758345,3,10,0,55,1,18,3
id_3145,日照堂町家・ＨＩＫＡＲＵ　ＧＯＪＯ,京都市下京区東洞院通五条下る三丁目和泉町５２３番地,下京区,簡易宿所,R1.12.9,34.995105,135.7611845,1,1,8,43,1,20,0
id_3146,エムズホテル　二条城ＯＩＫＥ,京都市中京区大宮通御池下る三坊大宮町１３４番地,中京区,簡易宿所,R2.3.6,35.0101138,135.7490089,0,0,3,50,0,13,0
id_3147,清浅,京都市南区東九条明田町４５番地１２,南区,簡易宿所,H30.10.22,34.9752349,135.760012,21,17,17,85,1,106,2
id_3148,ＳＨＵＮＪＵ　ＤＯＳＳＥ,京都市南区西九条唐橋町４０番地３,南区,簡易宿所,H30.1.25,34.9811836,135.751256,17,1,12,82,1,130,4
id_3149,季楽　京都　凛葩,京都市下京区仏光寺通新町東入糸屋町２１８番地５,下京区,簡易宿所,R2.9.11,35.0010155,135.7573295,27,25,32,91,3,97,7
id_3150,京町家雅　釜座邸　しも座庵,京都市中京区釜座通姉小路下る突抜町８０４番地３　１階,中京区,簡易宿所,H29.8.14,35.0090975,135.755959,24,0,0,57,1,37,0
id_3151,京都覚悟草堂,京都市下京区東中筋通六条上る天使突抜四丁目４６１番地５,下京区,旅館・ホテル,R3.9.15,34.9950337,135.754477,17,4,29,64,0,56,5
id_3152,ゲストハウス　京都ミルズ　紅藤庵,京都市上京区大宮通寺之内上る四丁目筋違橋町５６３番地１,上京区,簡易宿所,H30.11.14,35.0373429,135.748987,0,13,0,42,2,24,1
id_3153,藏や　千本三条,京都市中京区西ノ京南聖町２１番地１５,中京区,簡易宿所,H29.6.28,35.0089071,135.7434855,37,8,7,87,2,64,7
id_3154,藤屋　風のへや,京都市伏見区深草森吉町３番地７,伏見区,簡易宿所,R7.11.12,34.9716812,135.7697249,6,73,0,55,1,89,0
id_3155,博厚書院・虚室,京都市中京区壬生下溝町１６番地１６,中京区,簡易宿所,R7.4.17,35.0002254,135.738301,3,23,1,60,0,42,0
id_3156,ホテル和茶和茶,京都市西京区大枝沓掛町２２番地３,西京区,旅館・ホテル,H29.6.1,34.9809678,135.65635,9,123,7,73,0,145,4
id_3157,京一軒町家　染　ＳＥＮ　七条壬生,京都市下京区西酢屋町１０番地８，１０番地９,下京区,簡易宿所,H31.3.13,34.9893314,135.7471197,29,41,5,101,3,88,7
id_3158,京町家　八条,京都市南区東九条上殿田町１番地２,南区,簡易宿所,H28.5.31,34.9821729,135.7595833,0,0,3,24,2,12,0
id_3159,旅館　冨月,京都市東山区祇園町南側八坂町570-8,東山区,旅館・ホテル,S53.7.11,35.0026835,135.7752039,133,13,29,82,2,197,4
id_3160,風雅別邸　四条大宮　紫,京都市中京区壬生坊城町８番地２２（北側）,中京区,簡易宿所,R5.8.29,35.004327,135.7470798,3,3,0,39,1,12,1
id_3161,華乃家　別邸,京都市下京区綾小路通東洞院東入神明町722番地1,下京区,簡易宿所,H27.12.15,35.0028647,135.7616688,9,13,0,52,2,28,3
id_3162,肥後屋（Ｈｉｇｏｙａ）,京都市中京区壬生森町６０番地１,中京区,簡易宿所,R5.5.31,35.0044144,135.7365346,0,5,1,21,0,8,0
id_3163,２０　ＰＩＥＣＥＳ,京都市下京区不明門通下珠数屋町上る卓屋町６３番地，６６番地,下京区,簡易宿所,R2.7.2,34.990771,135.7605688,7,2,10,47,0,35,1
id_3164,,京都市中京区壬生淵田町９番地１２　１階,中京区,施設外玄関帳場,,35.005693,135.732976,4,34,1,65,0,45,5
id_3165,東山清水　友庵,京都市東山区宝福寺門前小島町１４４番地８,東山区,簡易宿所,H30.3.26,34.9959757,135.7758892,7,0,4,21,0,11,0
id_3166,,京都市下京区仏具屋町通五条下る上錫屋町６８番地２,下京区,施設外玄関帳場,,34.9951159,135.7556432,2,3,22,66,1,32,0
id_3167,お宿　京都駅Ⅱ,京都市南区西九条戒光寺町１４番地１４,南区,簡易宿所,H28.7.27,34.9850009,135.7516552,27,14,44,85,1,216,2
id_3168,Ｔｉｎｙ　ｉｎｎ　Ｋｙｏｔｏ（タイニーインキョウト）,京都市南区東九条上御霊町６６番地１０,南区,簡易宿所,H30.3.27,34.9800814,135.7618851,3,2,0,26,0,19,1
id_3169,ゲストハウス　柚,京都市南区東九条西岩本町４０番地６,南区,簡易宿所,H31.4.10,34.9824221,135.7635943,19,11,2,75,6,59,0
id_3170,ＫＹＯＳＴＡＹいろは　小路,京都市南区西九条東島町５０番地４５,南区,簡易宿所,H30.9.18,34.9788281,135.7541624,0,0,8,61,2,112,0
id_3171,夢花壬生　桜,京都市中京区壬生下溝町２６番地１６,中京区,簡易宿所,H31.1.29,34.9991848,135.7388491,5,44,1,79,2,74,1
id_3172,ゲストハウス　鯉屋,京都市上京区堀川通寺之内上る四丁目天神北町２９番地,上京区,簡易宿所,H28.6.21,35.0375889,135.7506291,0,2,8,44,0,20,0
id_3173,ＳＯ　ＨＯＴＥＬ,京都市伏見区深草秡川町２４番地５,伏見区,簡易宿所,H31.2.20,34.9670486,135.768621,2,0,1,30,2,26,0
id_3174,ＴＨＥ　ＰＯＣＫＥＴ　ＨＯＴＥＬ　京都四条烏丸,京都市中京区柳馬場通錦小路下る瀬戸屋町４７４番地,中京区,簡易宿所,H30.10.15,35.004303,135.764292,0,0,0,34,0,7,0
id_3175,楽,京都市下京区加茂川端六軒町下る八ツ柳町３５０番地,下京区,簡易宿所,R5.7.21,34.9932616,135.7670565,1,3,0,22,0,4,0
id_3176,洛床　アネックス,京都市中京区西ノ京船塚町１２番地１８,中京区,簡易宿所,H29.3.29,35.0118837,135.737173,8,2,0,39,0,20,0
id_3177,京都嵐山サクラストーリー,京都市西京区嵐山中尾下町３２番地３　２階,西京区,簡易宿所,H29.1.5,35.0097495,135.6793588,2,41,1,72,2,63,0
id_3178,ホテル　アマネク　京都河原町五条,京都市下京区御幸町通五条上る安土町６１６番地，６１８番地，６１８番地２,下京区,簡易宿所,R1.9.2,34.9967812,135.7665205,3,31,40,105,0,87,7
id_3179,リヴェルト　京都鴨川,京都市上京区出町通今出川上る青龍町２０２番地，２０２番地１,上京区,旅館・ホテル,R1.9.18,35.03128,135.7698457,11,8,40,97,1,66,1
id_3180,香柏　金閣　煌,京都市北区紫野中柏野町２４番地１２,北区,簡易宿所,R2.10.16,35.0348471,135.7375986,34,2,17,82,22,107,2
id_3181,宿きらまち　Ｄ,京都市下京区綾小路通西洞院東入新釜座町７２２番地５,下京区,簡易宿所,R1.7.29,35.0032434,135.756217,9,0,7,25,0,21,1
id_3182,洛北若葉寮,京都市左京区下鴨西高木町37,左京区,簡易宿所,S50.5.24,35.0432351,135.7751439,6,0,0,38,0,39,1
id_3183,ゲストハウス　京粋庵　京都駅西,京都市南区西九条池ノ内町８９番地,南区,簡易宿所,R2.6.26,34.9831707,135.7528665,9,1,6,50,0,21,1
id_3184,御屋・蘭,京都市下京区梅小路東町４１番地７,下京区,簡易宿所,H29.2.20,34.986374,135.7387502,6,8,1,41,0,23,1
id_3185,潤,京都市南区西九条池ノ内町９３番地８,南区,簡易宿所,H30.3.13,34.9832521,135.7532971,2,0,0,61,2,15,1
id_3186,芹生庵,京都市右京区京北芹生町芹生８番地,右京区,簡易宿所,R1.12.13,35.1581734,135.7507659,5,3,14,66,0,52,0
id_3187,大原念仏寺会館,京都市左京区大原来迎院町270,左京区,簡易宿所,S50.7.16,35.1184995,135.8331754,21,0,0,50,5,47,0
id_3188,苔庵,京都市東山区三条通白川橋東入二丁目西町151番地10，11,東山区,簡易宿所,H28.7.27,35.0096428,135.7825777,3,0,1,53,4,36,0
id_3189,蓮,京都市南区東九条北松ノ木町２２番地４,南区,簡易宿所,R1.10.16,34.9779849,135.765816,22,34,21,98,8,108,2
id_3190,ＩＴＯ　ＭＡＣＨＩＹＡ,京都市東山区三条南入二筋目白川筋西入二丁目北側北木之元町５２１番地８及び５２１番地９,東山区,簡易宿所,R6.12.16,35.008635,135.778345,43,36,29,76,15,147,4
id_3191,有限会社丸正,京都市中京区先斗町通四条上る梅之木町156番地,中京区,旅館・ホテル,H6.4.28,35.0058655,135.7711738,14,17,6,45,1,48,4
id_3192,宿はる家Ａｑｕａ,京都市下京区和気町１番地１２,下京区,簡易宿所,H24.10.10,34.988486,135.7486626,25,5,5,96,3,41,1
id_3193,町家つばら,京都市東山区五条通大和大路東入門脇町１８７番２,東山区,簡易宿所,H26.11.26,34.1134909,134.1625338,45,19,43,107,12,128,5
id_3194,ＩＮＡ　ＨＯＵＳＥ　ＧＩＯＮ,京都市東山区広道通松原上る四丁目毘沙門町４４番地２４,東山区,簡易宿所,R5.6.20,35.000515,135.7764262,14,1,0,47,1,24,1
id_3195,美庵,京都市中京区聚楽廻中町４１番地４,中京区,簡易宿所,H30.12.10,35.018102,135.7413689,0,0,0,51,1,5,1
id_3196,京都・縁屋　（ＫＹＯＴＯ．ＥＮＩＳＨＩＹＡ）,京都市南区梅小路通大宮東入古御旅町２２０番地１,南区,簡易宿所,R3.11.30,34.9849878,135.7499637,3,6,8,68,3,59,0
id_3197,淀キャッスルイン,京都市伏見区淀池上町１４７番地２４,伏見区,簡易宿所,H29.10.3,34.904057,135.7185858,13,62,112,86,18,319,0
id_3198,鈴　万寿寺,京都市下京区東中筋通五条上る天使突抜二丁目３８０番地２,下京区,簡易宿所,H30.3.22,34.9975723,135.7541439,4,31,5,93,3,74,10
id_3199,季音,京都市東山区八坂鳥居前南入清井町４８５番地５,東山区,簡易宿所,H30.10.4,35.0017177,135.7780095,1,2,5,27,2,12,0
id_3200,Ｈｏｕｓｅ　Ｔｈｅ　Ｔｅｒｍｉｎａｌ　烏丸紫明１,京都市北区小山下総町２９番地１７,北区,簡易宿所,H29.6.30,35.0390226,135.7590758,22,1,10,57,6,56,1
id_3201,ＭＯＮｄａｙ　Ａｐａｒｔ　Ｐｒｅｍｉｕｍ　京都駅,京都市下京区七条通東堀川西入八百屋町１番地,下京区,簡易宿所,R3.10.18,34.9890048,135.7522516,2,23,4,64,2,37,5
id_3202,京都プラザホテル京都駅南,京都市南区東九条上御霊町５２番地,南区,旅館・ホテル,R2.3.24,34.9801793,135.7630574,2,21,0,62,0,37,1
id_3203,宿はる家　Terrace,京都市下京区和気町1番地,下京区,簡易宿所,H27.4.8,34.9884206,135.7470642,1,7,1,36,0,28,1
id_3204,瑠璃心,京都市南区八条内田町４４番地２,南区,簡易宿所,R2.10.19,34.9816748,135.7431457,3,16,18,90,6,93,0
id_3205,ｈｏｔｅｌ　ＧＯＣＯ　ｓｔａｙ　京都四条河原町,京都市中京区御幸町通錦小路下る大日町４１０番地,中京区,簡易宿所,R2.7.13,35.004668,135.7664455,32,54,0,67,3,91,0
id_3206,季楽　京都　本町,京都市東山区本町通正面下る本町五丁目１８７番地１,東山区,簡易宿所,H30.12.21,34.9903055,135.7692691,48,2,5,87,39,108,4
id_3207,汐　Ｎ．Ｔ．,京都市中京区壬生朱雀町２２番地１４,中京区,簡易宿所,R6.12.3,35.0065476,135.7429372,7,62,1,97,0,74,1
id_3208,樂安居　塗師屋町　櫻,京都市下京区富小路通綾小路下る塗師屋町１０３番地,下京区,簡易宿所,R5.8.4,35.0016469,135.7649273,25,29,30,86,3,98,7
id_3209,麻呂家　万寿庵,京都市下京区中堂寺庄ノ内町３２番地１,下京区,簡易宿所,H29.4.19,34.997421,135.7390954,10,18,0,50,1,36,3
id_3210,アクアプリータ　１０１号,京都市南区東九条東山王町５番地,南区,簡易宿所,H27.10.2,34.9821136,135.7615173,14,31,2,72,1,199,2
id_3211,優洛庵,京都市下京区二人司町１５番地,下京区,簡易宿所,R1.9.4,34.9924073,135.7466262,0,1,0,33,0,3,1
id_3212,奏　祇園六波羅,京都市東山区宝福寺門前小島町５８１番地４,東山区,簡易宿所,R6.10.18,34.9959757,135.7758892,6,10,30,67,2,54,4
id_3213,さらんばん　１,京都市中京区壬生仙念町１０番地３　７階,中京区,簡易宿所,H28.8.2,35.0033732,135.7355853,12,13,0,32,0,29,1
id_3214,京蘭　紅葉邸,京都市下京区西洞院通高辻下る高辻西洞院町８０７番地１,下京区,簡易宿所,R5.11.21,34.9991665,135.755468,19,60,32,84,0,120,7
id_3215,京都九条　藍,京都市南区東九条東御霊町５８番地２１,南区,簡易宿所,H29.12.8,34.9775476,135.7636314,5,0,14,41,1,89,0
id_3216,南二西院町屋,京都市中京区壬生東淵田町１８番地７,中京区,簡易宿所,H29.5.11,35.0052238,135.735134,7,10,0,29,0,21,1
id_3217,貴船ふじや,京都市左京区鞍馬貴船町40,左京区,旅館・ホテル,H1.7.31,35.1212392,135.7630388,0,3,4,31,0,9,0
id_3218,九条　梅　Ｍａｙ　ｉｎ　Ｈｉｇａｓｈｉｋｕｊｏ,京都市南区東九条南烏丸町３６番地１０,南区,簡易宿所,H30.10.22,34.977078,135.7602494,2,0,0,19,0,3,0
id_3219,加茂禅,京都市東山区六波羅裏門通東入二丁目竹村町１５１番地３５,東山区,簡易宿所,H30.5.17,34.995626,135.7754626,45,2,30,88,2,86,4
id_3220,石塀小路　夢庵,京都市東山区下河原通高台寺門前下河原町４６３番地１０,東山区,簡易宿所,R1.11.18,35.0001481,135.7800874,48,14,29,82,12,116,10
id_3221,こぬか薬師,京都市中京区釜座通夷川下る大黒町６９４番地１,中京区,簡易宿所,H30.7.6,35.0142526,135.7555544,22,34,0,61,0,60,3
id_3222,ザ ロイヤルパークホテル 京都三条,京都市中京区中島町７４，７６　恵比須町４４１－１，４４１－２，４４２ー２,中京区,旅館・ホテル,H23.9.28,35.0091699,135.769383,0,13,0,31,0,17,1
id_3223,木音,京都市上京区五辻通六軒町西入溝前町１００－１,上京区,簡易宿所,H23.12.19,35.0309292,135.7405833,0,8,1,28,0,11,0
id_3224,旅館丸家,京都市左京区聖護院川原町２,左京区,旅館・ホテル,H4.11.19,35.0184487,135.7760087,5,3,1,17,0,27,0
id_3225,２２ＰＩＥＣＥＳ,京都市南区東九条室町９番地４,南区,簡易宿所,H29.12.12,34.9824056,135.756911,0,2,1,36,0,7,1
id_3226,京の宿　三源　二年坂,京都市東山区高台寺南門通下河原東入桝屋町３５０番地１３,東山区,旅館・ホテル,R1.8.27,34.9977653,135.7814736,8,2,35,106,2,62,13
id_3227,東福inn,京都市南区西九条蔵王町１９番地,南区,簡易宿所,H28.12.20,34.9804562,135.752869,14,4,5,43,1,26,0
id_3228,高辻ゲストハウス,京都市下京区高辻通油小路東入永養寺町２４０番地,下京区,簡易宿所,R2.12.7,35.0000274,135.7545247,0,9,1,44,0,24,1
id_3229,猫空　ＮＥＫＯＳＯＲＡ,京都市伏見区深草加賀屋敷町１１番地２７,伏見区,簡易宿所,H31.1.28,34.948641,135.7577581,2,17,1,26,2,49,0
id_3230,玄　紫野邸　ＢＹ　ＮＩＮＡ,京都市北区紫野南舟岡町３８番地２２,北区,簡易宿所,R7.10.24,35.0364991,135.7441031,0,0,0,41,9,11,0
id_3231,霞秀草庵,京都市下京区木津屋橋通西洞院東入東塩小路町６００番地１１,下京区,簡易宿所,R7.9.2,34.9886582,135.7559523,0,13,22,54,0,57,5
id_3232,穀雨　京都駅,京都市南区西九条院町２３番地７,南区,簡易宿所,R5.5.12,34.9821332,135.7566798,18,10,11,73,16,62,1
id_3233,株式会社　京都東急ホテル,京都市下京区猪熊通リ五条下ル柿本町６００番２,下京区,旅館・ホテル,H19.5.7,34.9951718,135.7517241,0,8,0,39,1,16,0
id_3234,みち草,京都市中京区猪熊通蛸薬師下る下瓦町５６８番地,中京区,簡易宿所,H29.8.15,35.0053253,135.7501828,5,0,0,19,0,8,1
id_3235,鈴　突抜,京都市下京区下松屋町通丹波口下る突抜二丁目３６８番地１,下京区,簡易宿所,R2.1.8,34.9920349,135.7485911,9,0,16,54,0,31,0
id_3236,京都旅荘かすみ,京都市東山区本町十丁目１７６番地７,東山区,簡易宿所,R1.9.27,34.9836392,135.7702244,14,1,7,34,0,24,1
id_3237,船岡温泉ゲストハウス,京都市北区紫野東藤ノ森町１１－５－２,北区,簡易宿所,H26.3.26,35.0373702,135.7467314,2,8,0,41,2,45,0
id_3238,ノボル家,京都市下京区高倉通松原下る西入福田寺町５２番地　東,下京区,簡易宿所,H31.3.12,34.998068,135.7622213,35,35,46,89,0,155,25
id_3239,Ａ　ｄａｙ　ｉｎ　ｋｈａｋｉ　ｇｕｅｓｔｈｏｕｓｅ,京都市上京区室町通上立売下る裏築地町８２番地,上京区,簡易宿所,R2.2.26,35.0314429,135.7577583,0,6,22,79,6,59,0
id_3240,上洛居,京都市中京区西ノ京南円町１０３番地,中京区,簡易宿所,R5.9.1,35.0178487,135.7314462,29,7,0,77,1,60,1
id_3241,井雪,京都市東山区八坂鳥居前東入円山町官有地,東山区,旅館・ホテル,S42.9.2,35.0031431,135.7835008,0,1,12,56,6,28,1
id_3242,東福寺　町家　inn　桜と月,京都市東山区本町十六丁目３０５番地,東山区,簡易宿所,H29.6.29,34.9785306,135.7707504,20,1,3,60,0,32,4
id_3243,侍ヒルズ,京都市右京区太秦西蜂岡町９番地５２,右京区,簡易宿所,R2.5.20,35.0149684,135.7039632,29,2,0,74,3,55,0
id_3244,花園ＧＵＥＳＴ　ＨＯＵＳＥ,京都市右京区花園寺ノ内町１８番地８，１８番地１２,右京区,簡易宿所,R2.2.13,35.0178163,135.7175826,43,23,1,80,0,73,2
id_3245,ＴＳＵＢＯＭＩ　Ｌｕｘｕｒｙ　Ｉｎｎ　島原別邸　参,京都市下京区小坂町７番地１８,下京区,簡易宿所,R4.7.7,34.9936431,135.7454448,3,21,27,87,3,63,7
id_3246,,京都市南区東九条南烏丸町３７番地３　アプロビル１Ｆ,南区,施設外玄関帳場,,34.9770114,135.7595738,14,0,4,29,0,42,0
id_3247,小松サウス,京都市東山区大和大路通四条下る四丁目小松町１１番地２９,東山区,簡易宿所,H30.12.14,34.9986575,135.7753737,32,1,64,71,1,98,0
id_3248,ホテル　楽々奄,京都市下京区東中筋通五条下る天使突抜三丁目４５２番地,下京区,簡易宿所,H31.1.16,34.9954881,135.7542179,0,2,16,51,0,30,0
id_3249,ＴＳＵＢＯＭＩ　Ｌｕｘｕｒｙ　Ｉｎｎ　島原別邸　弐,京都市下京区小坂町７番地１９,下京区,簡易宿所,R4.7.7,34.9936426,135.7454819,30,33,104,91,0,192,7
id_3250,Ｉｎａｒｉ　Ｈｏｕｓｅ,京都市南区東九条東御霊町１番地２６,南区,簡易宿所,R3.4.30,34.977302,135.7632047,2,10,12,68,12,50,0
id_3251,旅館菊梅,京都市東山区園町南側５７０番地１２７,東山区,旅館・ホテル,R2.5.7,34.9926102,135.7748632,5,0,64,71,2,78,7
id_3252,蛮子民宿　二条朱雀,京都市中京区壬生朱雀町２４番地３７,中京区,簡易宿所,H30.10.16,35.0073906,135.7429589,1,0,0,29,0,3,1
id_3253,ＫＹＯＢＵ　烏丸五条,京都市下京区鍵屋町通烏丸西入鍵屋町３３２番地８,下京区,簡易宿所,H28.12.6,34.9950333,135.7588526,19,20,4,67,2,48,1
id_3254,ＨＯＴＥＬ　ＣＡＮＡＴＡ　ＫＹＯＴＯ,京都市中京区堀川通二条下る土橋町１４番地１,中京区,旅館・ホテル,H31.3.12,35.0127499,135.7521884,1,8,1,29,0,25,0
id_3255,ａ－ｕｎ,京都市左京区仁王門通新高倉東入北門前町４６９番地２，４６９番地６，４７４番地１，４７４番地２，４７４番地３，５０７番地,左京区,簡易宿所,H30.1.11,35.0112966,135.7776928,1,1,1,46,2,8,0
id_3256,Kyoto Guest House Ryuou 柳櫻,京都市下京区西七条北東野町７６番地,下京区,簡易宿所,H30.1.11,34.9901513,135.7376789,0,17,17,32,0,38,0
id_3257,慶有魚宮,京都市東山区新宮川町通松原下る西御門町４５１番地,東山区,簡易宿所,R4.3.11,34.9982638,135.7705782,43,25,0,75,30,113,3
id_3258,Ｒｉｎｎ　四季十楽　十楽,京都市上京区油小路通下立売上る近衛町１６５番地（家屋番号１６５番０の３）,上京区,簡易宿所,R4.12.5,35.0204175,135.7530926,3,15,1,37,0,20,1
id_3259,ＷＡＹＦＡＲＥＲ　Ｓｈｉｎ,京都市下京区新町通高辻下る御影町４６７番地,下京区,簡易宿所,R6.5.16,34.9991469,135.756567,30,2,12,46,1,51,0
id_3260,Ellie's,京都市南区東九条東御霊町５８番地１１,南区,簡易宿所,H30.3.12,34.977402,135.7637705,22,2,3,109,8,144,0
id_3261,蛮子民宿　岡崎,京都市左京区夷川通川端東入上る秋築町２４３番地３二棟一軒長屋南側,左京区,簡易宿所,H31.2.7,35.0151,135.7750558,0,0,0,40,1,9,1
id_3262,京恋,京都市東山区大黒町通五条上る大黒町３０２番地３,東山区,簡易宿所,H28.5.24,34.9966448,135.7710744,89,23,0,55,0,126,2
id_3263,みぶの杜,京都市中京区壬生土居ノ内町３９番地３,中京区,簡易宿所,R3.5.20,35.0014944,135.7348603,16,25,0,57,1,46,3
id_3264,鈴　花屋町　朝霧６,京都市下京区二人司町６番地１６,下京区,簡易宿所,R5.12.1,34.9918702,135.7463887,7,0,3,16,1,16,0
id_3265,リゾートインセルバ　ＲＥＳＯＲＴ ＩＮＮ ｓｅｌｖａ,京都市西京区大枝沓掛町22番地２９,西京区,旅館・ホテル,H6.3.14,34.9800635,135.6572407,12,54,21,89,12,101,1
id_3266,談山旅館　星屋　谷町君,京都市右京区嵯峨新宮町２番地４２,右京区,簡易宿所,R2.9.9,35.0208525,135.6872684,5,0,0,24,0,8,0
id_3267,ゆるり庵　楓の間,京都市下京区油小路通綾小路下る風早町５６６番地１コーポ風早１階,下京区,簡易宿所,R5.11.27,35.0020769,135.7534405,2,39,0,55,1,52,5
id_3268,Ｋｙｏｔｏ　Ｇｕｅｓｔｈｏｕｓｅ　八千世,京都市南区東九条南山王町３８番地６,南区,簡易宿所,R2.3.27,34.9814481,135.7627689,18,9,0,76,1,37,0
id_3269,ゆめや,京都市伏見区中島秋ノ山町１０７,伏見区,旅館・ホテル,S45.11.18,34.9521384,135.744945,1,41,70,75,0,167,1
id_3270,京蘭　幻水邸,京都市伏見区深草森吉町９番地１３,伏見区,簡易宿所,R7.6.23,34.9718301,135.7691905,1,8,5,87,2,21,2
id_3271,ゲストハウス清水京湖,京都市東山区渋谷通東大路東入二丁目下馬町４９２番地８,東山区,簡易宿所,R4.2.25,34.9923228,135.7771939,14,0,0,44,2,16,0
id_3272,Ｗａｙｆａｒｅｒホテル京都四条,京都市下京区西洞院通仏光寺下る本柳水町７６８番地,下京区,簡易宿所,R2.3.26,35.0010475,135.7550416,3,0,4,21,0,9,0
id_3273,ＨＩＺ ＨＯＴＥＬ 祇園白川,京都市東山区三条通南裏二筋目白川筋西入堤町５０４番地，５０２番地２，５０６番地２,東山区,簡易宿所,R4.4.11,35.0087093,135.7795979,89,36,77,76,2,218,4
id_3274,松亀旅館,京都市下京区東洞院通七条下る東塩小路町５７６番地,下京区,旅館・ホテル,H17.1.13,34.9877194,135.760521,0,56,25,56,0,95,5
id_3275,楓雅居坤高町,京都市上京区下長者町通裏門西入坤高町６９番地,上京区,簡易宿所,R6.12.19,35.0232565,135.7452883,2,51,90,87,8,176,7
id_3276,,京都市西京区嵐山東一川町１０番地１２,西京区,施設外玄関帳場,,35.0104012,135.6828079,12,62,25,84,2,114,1
id_3277,うの庵,京都市東山区六波羅裏門通三盛町１７０番地１,東山区,簡易宿所,H27.6.18,34.9964884,135.7733699,6,16,40,97,2,90,4
id_3278,京恋　時尚星,京都市東山区三条通白川橋東入五丁目東町２２４番地４,東山区,簡易宿所,R1.10.2,35.0092118,135.7808906,22,1,25,65,15,64,0
id_3279,くらま温泉,京都市左京区鞍馬本町５２０番地,左京区,旅館・ホテル,R7.1.8,35.1192656,135.7765264,7,14,5,45,0,44,1
id_3280,ＣＯＮＧＲＡＴＳ　ＨＯＴＥＬ　ＫＹＯＴＯ,京都市下京区東洞院通花屋町下る富田町３７０番地,下京区,旅館・ホテル,H30.9.11,34.9930329,135.76086,21,5,5,80,3,48,7
id_3281,ｂｏｎ　ｂｏｎ　ｈｏｕｓｅ,京都市下京区松原通西洞院東入藪下町１３番地１,下京区,簡易宿所,R1.5.27,34.9989915,135.7557782,0,0,2,53,0,8,0
id_3282,ＫＡＧＡＮＨＯＴＥＬ（河岸ホテル）,京都市下京区朱雀宝蔵町９９番地,下京区,簡易宿所,R1.11.1,34.9902571,135.7404594,5,1,17,37,1,26,0
id_3283,古都音,京都市下京区土手町通正面上る溜池町３７３番地２,下京区,簡易宿所,H29.7.21,34.9917119,135.7647884,22,31,40,90,0,109,10
id_3284,京縁館,京都市南区東九条西札辻町23番地18,南区,簡易宿所,H26.7.18,34.9768866,135.7613449,22,15,3,92,20,108,2
id_3285,淑徳館,京都市東山区新門前通大和大路東入三丁目梅本町２６１,東山区,旅館・ホテル,H10.2.12,35.0063354,135.7769599,57,8,18,53,6,92,3
id_3286,ＪＰＲＥＳＥＲＶＥ　八条口,京都市南区東九条西岩本町１６番地１（北側）,南区,簡易宿所,R7.4.18,34.9840679,135.7636536,3,2,3,23,1,18,0
id_3287,季楽庵京都駅南,京都市南区東九条中殿田町１９番地,南区,簡易宿所,H29.9.4,34.9808456,135.7578019,1,1,1,50,0,12,0
id_3288,ゆうひの家,京都市中京区壬生馬場町３８番地６　西側,中京区,簡易宿所,R2.3.23,35.0068742,135.7458685,37,58,9,88,3,117,7
id_3289,吉今旅館,京都市東山区新橋通大和大路東入元吉町５４番地,東山区,旅館・ホテル,R3.12.2,35.0058752,135.7739688,9,17,6,95,2,35,1
id_3290,太鼓屋,京都市下京区高倉通五条上る亀屋町１７０　１F,下京区,簡易宿所,H27.4.1,34.996959,135.762252,6,7,8,39,0,24,0
id_3291,豊之家　ＥＮＲＩＣＨＭＥＮＴ,京都市中京区壬生森町４６番地２５,中京区,簡易宿所,R3.3.11,35.0056179,135.7375708,0,0,0,21,0,5,1
id_3292,ＨＯＴＥＬ　ＢＡＮＩＳＴＥＲ　ＫＹＯＴＯ,京都市南区大宮通八条上る大黒町２９０番地，２９１番地,南区,旅館・ホテル,H30.7.4,34.9848587,135.7495628,3,15,16,94,8,63,2
id_3293,ＡＮＪＩＮ　Ｇｏｓｈｏ　Ｅｂｉｓｕｇａｗａ,京都市中京区夷川通西洞院東入泉町６７２番地,中京区,簡易宿所,R6.4.26,35.0148106,135.7568361,18,4,3,52,0,29,3
id_3294,Ｓａｍｕｒａｉ－Ｓｕｉｔｅ２,京都市右京区花園寺ノ内町９番地３,右京区,簡易宿所,R4.6.16,35.01804,135.7180299,5,13,5,65,0,45,1
id_3295,京都　水凪庵　和泉屋町,京都市下京区木屋町通松原上る二丁目和泉屋町１６４番地１,下京区,簡易宿所,R4.9.2,35.0009048,135.7693153,29,6,37,105,3,109,1
id_3296,Ｍｕｌａｎ　Ｈｏｓｔｅｌ,京都市西京区嵐山上海道町７４番地１５，７４番地１６,西京区,簡易宿所,H29.2.28,35.0090823,135.6810411,2,8,0,26,0,16,1
id_3297,福家・朱雀東館,京都市中京区西ノ京船塚町９番地２　東側,中京区,簡易宿所,R2.12.1,35.0121106,135.73637,43,7,7,68,0,74,7
id_3298,粟田口　宇庵　星,京都市東山区粟田口鍛冶町６番地１,東山区,簡易宿所,R2.4.10,35.0087536,135.7849027,5,0,1,23,0,11,0
id_3299,歓喜の宿　－ＫＹＯＴＯ　ＮＩＳＨＩＪＩＮ－,京都市上京区寺之内通北裏大宮西入二丁目歓喜町２１６番地１,上京区,簡易宿所,H28.10.14,35.0346073,135.7457317,1,25,14,44,0,48,0
id_3300,Ｓｔａｙ　ＳＡＫＵＲＡ・京都駅南Ⅰ,京都市南区東九条東岩本町２番地４，４番地，４番地１，４番地２,南区,簡易宿所,H30.10.24,34.9823609,135.764568,24,11,3,90,8,121,2
id_3301,故郷の家,京都市右京区太秦森ケ東町２９番地１０,右京区,簡易宿所,H30.1.11,35.0145504,135.716176,16,0,4,55,0,31,0
id_3302,ＭＯＫＵ　ＫＹＯＴＯ,京都市下京区四条通室町東入函谷鉾町７７番地,下京区,旅館・ホテル,R7.10.30,35.0039112,135.7581885,24,37,7,98,0,70,1
id_3303,鴨半,京都市下京区木屋町通六軒上る都市町１４３番地１０,下京区,旅館・ホテル,R6.5.2,34.9945847,135.7671756,12,0,25,76,1,45,5
id_3304,ホテルギンモンド,"京都市中京区高倉通り御池下ル亀甲屋町595,597,599",中京区,旅館・ホテル,S50.3.10,35.0105399,135.7623168,20,45,8,46,1,78,0
id_3305,ＡＲＴ　ＭＯＮ　ＺＥＮ　ＫＹＯＴＯ,京都市東山区古門前通大和大路東入元町３９１番地,東山区,旅館・ホテル,H29.11.7,35.0069417,135.7743114,10,0,8,37,4,24,1
id_3306,季楽　京都　姉小路,京都市中京区油小路通姉小路上る式阿弥町１１８番地,中京区,簡易宿所,H29.2.1,35.0098382,135.7537311,0,0,0,45,0,11,0
id_3307,坂の上,京都市東山区下河原通八坂鳥居前下る鷲尾町502,東山区,旅館・ホテル,S57.5.28,35.0018571,135.7790929,16,5,14,53,6,47,4
id_3308,京恋　黄金屋,京都市中京区西洞院通夷川下る薬師町６５２番地４２,中京区,簡易宿所,H31.3.13,35.0144488,135.7547177,17,0,1,22,0,22,1
id_3309,ＹＡＤＯＹＡ　ＬＯＤＧＥ,京都市左京区修学院大林町１４番地１,左京区,簡易宿所,H29.10.30,35.047935,135.7921883,2,1,8,56,0,19,1
id_3310,,京都市左京区吉田中阿達町８番地,左京区,施設外玄関帳場,,35.0247657,135.7755002,10,0,1,62,3,28,1
id_3311,東急ステイ京都両替町通（はなれ）  ＨＡＮＡＲＥ　ｂｙ　Ｔｏｋｙｕ　Ｓｔａｙ,京都市中京区両替町通姉小路下る柿本町４１０番地２,中京区,旅館・ホテル,R7.9.26,35.0097683,135.7586877,45,41,1,72,3,113,1
id_3312,慶有魚　柳屋,京都市中京区新烏丸通二条上る橘柳町１５０番地２,中京区,簡易宿所,R6.11.6,35.0144382,135.7681206,5,44,1,78,0,82,18
id_3313,アパホテル＜京都五条大宮＞,京都市下京区大宮通五条下る東側南門前町４６７番地,下京区,旅館・ホテル,R6.7.16,34.9968021,135.7495304,47,4,70,71,3,135,1
id_3314,Ｇｏｒｇｅｏｕｓ　Ｓｔａｒ　Ｈｏｕｓｅ,京都市左京区下鴨南野々神町２番地９　２F,左京区,簡易宿所,H30.12.27,35.0511997,135.7703222,0,1,0,18,0,7,0
id_3315,日昇別荘　蘭亭,京都市中京区三条通柳馬場東入中之町１２番地５,中京区,簡易宿所,H27.3.19,35.0089061,135.7645422,12,33,2,38,1,50,1
id_3316,京トラスト,京都市南区八条内田町６５番地２４,南区,簡易宿所,R3.6.18,34.9816437,135.7441124,51,10,14,83,6,100,1
id_3317,ムーンビューティ祇園　ＢＡＭＢＯＯ　スイート＆ＳＰＡ,京都市東山区四条通大和大路東入園町北側３００番地　５階,東山区,簡易宿所,R1.12.26,35.0040113,135.777895,0,9,0,65,9,23,3
id_3318,ＨＯＴＥＬ　ＬｉＶＥＭＡＸ　京都二条城西,京都市中京区聚楽廻東町２０番地７,中京区,旅館・ホテル,R3.4.22,35.0162,135.7423913,0,1,1,18,0,3,0
id_3319,京蘭　東縁邸,京都市東山区福稲柿本町１７番地３８,東山区,簡易宿所,R7.7.1,34.979488,135.7689792,37,15,35,96,15,122,4
id_3320,澄庵-凛,京都市中京区壬生高樋町５２番地３,中京区,簡易宿所,R7.11.18,35.0018656,135.7422912,45,54,9,87,3,129,7
id_3321,ＷＡＹＦＡＲＥＲ　Ｇｏｊｏ,京都市下京区麩屋町通五条上る下鱗形町５５０番地,下京区,簡易宿所,R6.5.16,34.9970196,135.7656679,3,3,22,76,0,37,0
id_3322,辨慶別邸  ＡＲＡＳＨＩＹＡＭＡ　Ｐｒｅｍｉｕｍ　Ｒｅｓｉｄｅｎｔｉａｌ　Ｓ２,京都市右京区嵯峨天龍寺芒ノ馬場町３３番地１,右京区,簡易宿所,R2.9.28,35.0141626,135.6751286,7,3,3,24,0,48,0
id_3323,承香殿　東対,京都市上京区東神明町２９７－１,上京区,簡易宿所,H24.7.20,35.0209898,135.744565,12,58,77,85,1,150,1
id_3324,藏や　南聖町,京都市中京区西ノ京南聖町５番地１,中京区,簡易宿所,H29.7.20,35.0091536,135.7439088,24,81,5,66,0,117,5
id_3325,ホテルビナリオ嵯峨嵐山　コミュニティ嵯峨野,京都市右京区嵯峨天龍寺広道町３－４,右京区,旅館・ホテル,H25.7.18,35.018432,135.6822249,6,4,7,93,9,132,4
id_3326,,京都市東山区五条橋東若宮八幡裏梅林町５６４番地１８,東山区,施設外玄関帳場,,34.9954733,135.7762594,37,14,4,72,12,85,4
id_3327,楽善・二条,京都市中京区壬生天池町２８番地１７,中京区,簡易宿所,R6.2.6,35.0071623,135.73956,48,10,6,86,3,76,7
id_3328,ゼロイン祇園三条,京都市東山区三条通南二筋目白川筋西入二丁目進之町５９６番地５,東山区,簡易宿所,R5.4.7,35.0080667,135.7771386,32,8,25,57,6,104,2
id_3329,雲・小宮,京都市中京区猪熊通蛸薬師下る下瓦町５８４番地,中京区,簡易宿所,H30.7.30,35.0058173,135.7505419,10,0,0,26,0,11,0
id_3330,オイルストリートゲストハウス,京都市上京区今出川油小路上る水落町８７－２,上京区,簡易宿所,H25.4.15,35.03164,135.753605,8,44,0,78,4,71,7
id_3331,京の宿　二条ゆめや,京都市中京区西ノ京職司町４番地１６,中京区,簡易宿所,H28.3.22,35.0105837,135.7442447,4,8,6,67,0,25,7
id_3332,公立学校共済組合　嵐山保養所　花のいえ,京都市右京区嵯峨天龍寺角倉町9番地,右京区,旅館・ホテル,S48.9.20,35.0142207,135.6812745,43,4,6,86,3,71,2
id_3333,京蘭　悦念邸,京都市南区西九条東比永城町８５番１の２,南区,簡易宿所,R7.9.12,34.9788797,135.7509007,1,3,0,33,1,16,0
id_3334,ホテルクリスタルゲート京都　西館,京都市伏見区竹田西小屋ノ内町１１番地,伏見区,旅館・ホテル,H30.11.14,34.9524718,135.7470815,0,10,10,34,0,36,0
id_3335,ホテル　グラン・エムズ京都,京都市中京区河原町通三条上る下丸屋町４１０－３,中京区,旅館・ホテル,H27.4.7,35.0097668,135.7685869,57,9,8,108,3,111,7
id_3336,京西陣　七番亭（ＮＯ７）,京都市上京区六軒町通下長者町下る七番町３０３番地,上京区,簡易宿所,R7.10.22,35.022613,135.7411216,10,44,5,92,1,102,1
id_3337,暁竹,京都市上京区寺之内通千本西入下る柏清盛町９５８番地２,上京区,簡易宿所,R1.11.14,35.0330924,135.7402077,14,191,119,85,8,340,7
id_3338,京町家びーすたいる,京都市下京区高倉通仏光寺下る新開町３９７番地２,下京区,簡易宿所,R3.9.6,35.001246,135.7631592,51,80,29,93,7,187,7
id_3339,流雲荘・七隅,京都市南区東九条南烏丸町１４番地,南区,簡易宿所,H28.6.9,34.9773775,135.7590733,13,9,12,70,0,55,0
id_3340,ホリデイ・イン京都五条,京都市下京区五条通新町東入東錺屋町１７９番地,下京区,旅館・ホテル,R7.1.27,34.9966315,135.7575698,22,18,27,81,0,75,7
id_3341,京蘭　白鳥邸,京都市下京区三ノ宮町通正面下る上三之宮町２７６番地２,下京区,簡易宿所,R7.11.25,34.990878,135.7659456,5,29,37,91,3,119,25
id_3342,金閣寺町家　美雲,京都市北区紫野郷ノ上町３番地１３,北区,簡易宿所,H30.1.25,35.0368391,135.7387273,34,10,1,64,9,55,1
id_3343,Ｋｙｏｔｏ　Ｇｕｅｓｔ　Ｈｏｕｓｅ,京都市右京区西院三蔵町２２番地２階,右京区,簡易宿所,H29.2.28,35.0025486,135.7324613,29,3,0,81,0,53,0
id_3344,ＰＩＥＣＥ　ＨＯＳＴＥＬ　ＳＡＮＪＯ　ＷＥＳＴ,京都市中京区富小路通三条下る朝倉町５３３番地，５３１番地,中京区,簡易宿所,R2.11.10,35.0078707,135.7649828,0,13,1,35,0,20,0
id_3345,ＰＩＥＣＥ　ＨＯＳＴＥＬ　ＳＡＮＪＯ　ＥＡＳＴ,京都市中京区富小路通三条下る朝倉町５３０番地,中京区,簡易宿所,H30.12.10,35.0080685,135.7651494,3,28,0,54,0,40,8
id_3346,Ｈａｎａ　Ｂｏｔａｎ,京都市中京区西ノ京西月光町２７番地１１,中京区,簡易宿所,H29.12.5,35.0087112,135.73684,32,51,7,85,3,120,7
id_3347,ペンショングローブ東山,京都市東山区塩小路通東大路西入本瓦町667-1,東山区,簡易宿所,H1.4.18,34.9867594,135.7736456,12,12,1,37,4,33,2
id_3348,京粋庵　二条聚楽,京都市中京区聚楽廻中町５２番地８,中京区,簡易宿所,R7.3.6,35.0168298,135.7407536,30,15,0,37,0,47,0
id_3349,大森キャンプ場,"京都市北区大森東町340-2,358番地",北区,簡易宿所,H8.12.26,35.1466913,135.7001535,14,0,0,41,4,45,0
id_3350,朝な夕な,京都市南区西九条比永城町２７番地７,南区,簡易宿所,H29.7.18,34.9776871,135.7494974,7,0,0,44,0,11,0
id_3351,木蓮,京都市東山区伏見街道五条上る金屋町５４６番地５，５４６番地６　東側,東山区,簡易宿所,H31.4.15,34.9962315,135.7704438,0,0,17,33,2,20,0
id_3352,洛思崖,京都市南区西九条開ケ町１８７番地,南区,簡易宿所,H30.7.24,34.9765688,135.7521001,0,1,11,49,2,125,0
id_3353,香柏　佛光寺,京都市下京区松原通堺町東入杉屋町２８５番地５,下京区,簡易宿所,H30.1.12,34.9991968,135.7635963,32,37,37,105,3,133,7
id_3354,東寺ハイムＢ,京都市南区西九条南田町１番地４，西九条菅田町１９番地１０東寺ハイム２階２０７号室,南区,簡易宿所,H29.3.29,34.9762484,135.7464904,12,9,8,66,0,33,0
id_3355,ホテル　グランドファイン,京都市伏見区竹田西小屋ノ内町３１，３２番地,伏見区,旅館・ホテル,H11.1.8,34.9518918,135.7482341,7,15,1,34,2,43,0
id_3356,東本願寺（和敬堂・同朋会館・研修道場）,京都市下京区烏丸通七条上る二丁目常葉町７５４番地，七条通新町東入新シ町１２１番地　他,下京区,旅館・ホテル,R1.7.26,34.9897233,135.7576517,0,1,10,22,0,15,0
id_3357,Cozy　House　with　modern　art,京都市南区八条内田町６４番地８,南区,簡易宿所,H29.7.11,34.9813052,135.7441456,4,12,3,75,6,27,2
id_3358,ＭＡＴＡＴＡＢＩ　ＳＴＡＹ　ＮＩＳＨＩＮＯＫＹＯ,京都市中京区西ノ京池ノ内町１６番地８,中京区,簡易宿所,R5.12.11,35.0106289,135.746597,16,0,0,47,1,19,0
id_3359,京町　朱雀,京都市中京区壬生朱雀町１５番地９,中京区,簡易宿所,H30.8.13,35.0068259,135.7431207,40,58,10,78,3,120,7
id_3360,京いすけ百足屋町　Ｏｔｏｎａｒｉ,京都市中京区新町通錦小路上る百足屋町３７８番地８,中京区,簡易宿所,H28.8.22,35.0057967,135.7571214,96,44,17,75,3,171,7
id_3361,プライベートレジデンス京都清水五条,京都市東山区宝福寺門前小島町１４４番地,東山区,簡易宿所,R2.8.31,34.9959757,135.7758892,118,2,37,80,30,201,10
id_3362,丸　和泉屋町,京都市下京区木屋町通松原上る二丁目和泉屋町１７２番地,下京区,簡易宿所,H30.6.19,34.9999505,135.7689709,6,9,2,38,1,21,0
id_3363,Ｔｈｅ　ＯｎｅＦｉｖｅ　Ｋｙｏｔｏ　Ｓｈｉｊｏ,京都市下京区四条通堀川西入唐津屋町５３５番地,下京区,旅館・ホテル,R2.7.6,35.0038584,135.751384,17,60,35,89,0,123,0
id_3364,草枕,京都市下京区麩屋町通仏光寺下る鍋屋町２４１番地３,下京区,簡易宿所,H30.7.4,35.0002999,135.7654179,0,1,10,36,1,13,0
id_3365,ホテルカンラ京都,京都市下京区烏丸通六条下る北町１９０番地,下京区,旅館・ホテル,H28.10.14,34.9935052,135.7594658,30,35,43,105,0,115,1
id_3366,一念・庭,京都市中京区壬生下溝町１４番地３１,中京区,簡易宿所,R7.10.28,35.0004817,135.7388871,0,97,1,69,0,100,1
id_3367,京蘭－水月邸,京都市南区東九条東岩本町１番地３,南区,簡易宿所,R2.4.23,34.9822364,135.7645546,8,4,14,52,0,42,0
id_3368,加茂川館,京都市中京区三条通河原町東入中島町１０４,中京区,旅館・ホテル,S43.3.19,35.0091801,135.7709273,12,13,0,44,0,30,1
id_3369,Ｒｅｔｒｅａｔ上柏野,京都市北区紫野上柏野町３５番地１２,北区,簡易宿所,H30.3.22,35.0360615,135.737715,8,0,0,38,2,12,0
id_3370,ゲストハウス円円,京都市中京区西ノ京北壺井町１５３番地,中京区,簡易宿所,H30.10.17,35.0147015,135.7291445,37,7,14,78,0,71,0
id_3371,,京都市東山区渋谷通東大路東入３丁目上馬町５４０番地　１F,東山区,施設外玄関帳場,,34.9917056,135.7787873,10,3,1,32,0,18,0
id_3372,初音（はつね）,京都市下京区東高瀬川筋上ノ口上る聖真子町１７０番地,下京区,簡易宿所,R5.6.19,34.9934595,135.7657424,3,60,70,67,3,144,5
id_3373,千代－葉月邸,京都市東山区三条通南裏白川筋西入三丁目南西海子町４４３番地３,東山区,簡易宿所,R5.7.3,35.0089934,135.7788386,2,1,0,37,4,8,1
id_3374,香柏　西院,京都市中京区壬生東淵田町１３番地７,中京区,簡易宿所,H30.8.3,35.0054713,135.7355262,40,54,7,77,7,128,18
id_3375,ココロゴ,京都市中京区壬生相合町３３番地,中京区,簡易宿所,R6.10.22,35.0007472,135.7474251,43,62,7,98,0,127,7
id_3376,,京都市中京区壬生土居ノ内町３９番地３,中京区,施設外玄関帳場,,35.0014944,135.7348603,40,47,9,96,3,107,7
id_3377,ＳＫＹ　ＫＹＯＴＯ,京都市下京区中堂寺前田町２８番地１９,下京区,簡易宿所,R1.10.31,34.9956832,135.7473418,19,27,37,83,3,106,18
id_3378,京の宿　清水　想　　檜,京都市東山区八坂塔ノ下星野町８８番地２（中棟）,東山区,簡易宿所,R6.12.24,34.9984946,135.7784527,12,1,1,36,0,16,1
id_3379,京宿うさぎ,京都市中京区西ノ京北聖町１番地,中京区,簡易宿所,R2.6.18,35.0120809,135.7447817,0,8,0,23,0,19,0
id_3380,Ｃｏｎｎｅｃｔ　ｉｎｎ　京都五条,京都市下京区間之町通五条下る二丁目塗師屋町１０６番地８,下京区,簡易宿所,R3.8.27,34.9944755,135.761729,3,25,27,73,7,87,7
id_3381,岡乃家,京都市左京区上高野北田町9-8,左京区,簡易宿所,S51.10.15,35.0664697,135.7941519,8,5,7,53,2,36,0
id_3382,ｂｏｎｏｎ,京都市下京区西木屋町通五条下る七条新地平居町２０番地３,下京区,簡易宿所,R2.2.25,34.9950249,135.7661884,30,13,52,48,1,98,0
id_3383,井翕,京都市下京区東洞院通六条下る橋詰町１２８番地３,下京区,簡易宿所,H30.7.19,34.9941478,135.7613565,0,3,0,18,0,4,0
id_3384,西陣之郷,京都市北区紫野中柏野町４８番地１０,北区,簡易宿所,H28.3.31,35.0352482,135.7376238,14,0,0,40,0,43,0
id_3385,香水庵,京都市中京区衣棚通二条上る竪大恩寺町７３５番地,中京区,簡易宿所,H28.8.30,35.0147528,135.7573601,10,5,2,19,0,22,0
id_3386,ｋａｒｉｇａｎｅ,京都市北区紫野下門前町５２番地２,北区,簡易宿所,H29.4.28,35.0423594,135.7487402,141,14,21,97,12,209,0
id_3387,東寺庵,京都市南区西九条南田町４４,南区,簡易宿所,H19.12.18,34.9787227,135.7489983,0,4,0,36,0,6,0
id_3388,三井物産　嵐山寮,京都市西京区嵐山中尾下町３４番地１,西京区,旅館・ホテル,S52.9.7,35.0096541,135.6789768,8,0,5,67,2,24,3
id_3389,銀の宿　鍵屋町,京都市下京区鍵屋町通烏丸西入鍵屋町３４８番地,下京区,旅館・ホテル,R7.3.17,34.9952141,135.7587923,3,3,1,21,0,9,0
id_3390,Ｈｏｌｉｄａｙ　Ｈｏｍｅ　Ｋｙｏｔｏ　Ｓａｎｊｏ,京都市左京区新間之町通二条下る頭町３５７番地１（３階中１－２階）,左京区,簡易宿所,R1.7.9,35.0125313,135.7757914,18,11,16,68,0,76,7
id_3391,京一軒町家　さと居　青柿,京都市下京区下松屋町通松原下る二丁目下長福寺町２７６番地,下京区,簡易宿所,H31.4.2,34.9965901,135.7481284,7,12,0,42,0,23,0
id_3392,四季々々,京都市中京区御幸町通御池上る亀屋町３７６番地　１階,中京区,簡易宿所,R1.7.5,35.0112513,135.7661863,57,51,9,91,3,143,7
id_3393,東山苑,京都市東山区大黒町通松原下る三丁目大黒町２８９番地１,東山区,簡易宿所,R5.10.18,34.9969875,135.7710377,45,2,35,102,30,119,4
id_3394,忘れ,京都市東山区鞘町通五条下る二丁目大阪町３５７番地１,東山区,簡易宿所,R6.9.24,34.9937732,135.7692032,0,0,14,46,4,24,0
id_3395,ＫＯＫＯ　ＨＯＴＥＬ　京都三条,京都市左京区新堺町通仁王門下る和国町４０７番地６,左京区,旅館・ホテル,R3.2.24,35.0100033,135.7759454,22,13,24,101,20,129,18
id_3396,ホスタ梅小路　雅,京都市下京区夷馬場町１番地５,下京区,簡易宿所,R5.11.9,34.9910519,135.7460753,34,5,46,112,3,91,1
id_3397,京都ぎをん　八坂の宿,京都市東山区八坂鳥居前清井町４８６番地５,東山区,簡易宿所,R2.7.22,35.0017698,135.7780095,7,16,77,91,12,119,4
id_3398,稲荷ハウス,京都市伏見区深草上横縄町１７番地１２,伏見区,簡易宿所,H30.9.25,34.970779,135.7682322,13,58,29,80,2,108,4
id_3399,季・京都　Ｔｏｋｉ　Ｋｙｏｔｏ,京都市南区西九条唐橋町５４番地６,南区,簡易宿所,H30.6.13,34.9815748,135.7512656,0,0,0,38,0,111,0
id_3400,東寺前　西九条,京都市南区西九条比永城町５８番地,南区,簡易宿所,R2.3.17,34.9786032,135.7495665,14,2,14,63,1,93,1
id_3401,雲・小御,京都市上京区寺町通荒神口上る荒神町１２１番地１，１２１番地２,上京区,簡易宿所,H31.3.5,35.0214615,135.7697418,2,8,10,21,0,23,0
id_3402,京安　Ⅲ,京都市南区東九条上御霊町３２番地１，５８番地３　３階,南区,簡易宿所,H31.3.25,34.9801222,135.7625621,1,5,0,29,1,48,0
id_3403,京蔵二条,京都市中京区西ノ京小倉町１２５番地,中京区,簡易宿所,H30.2.16,35.0096096,135.7399579,10,70,10,104,3,112,10
id_3404,尚屋,京都市東山区大和大路通松原下る二丁目薬師町２４６番地,東山区,簡易宿所,H29.2.20,34.9981018,135.7719868,0,1,2,47,4,15,2
id_3405,ＧＯＯＤ　ＮＡＴＵＲＥ　ＨＯＴＥＬ　ＫＹＯＴＯ,京都市下京区河原町通四条下る二丁目稲荷町３１８番地６　４階から９階,下京区,旅館・ホテル,R1.12.6,35.0025128,135.768908,24,31,29,87,5,89,0
id_3406,Ｈａｒｕ,京都市上京区油小路通一条上る二丁目革堂西町５３０番地,上京区,簡易宿所,H28.10.20,35.0273494,135.7531906,13,62,4,100,8,108,7
id_3407,ＳＡＫＵＲＡ　ＴＥＲＲＡＣＥ　ＴＨＥ　ＡＴＥＬＩＥＲ,京都市南区東九条北烏丸町１番地１,南区,簡易宿所,H28.10.31,34.9808466,135.7589451,25,13,3,101,16,86,2
id_3408,念慈庵,京都市東山区大和大路通五条下る二丁目東入上梅屋町１７５番地１,東山区,簡易宿所,R2.4.30,34.9931717,135.7734285,61,19,119,97,39,244,5
id_3409,京蘭　賀茂邸,京都市下京区六軒通高瀬川筋東入早尾町３０８番地１,下京区,簡易宿所,R7.9.30,34.9933104,135.7664842,6,9,1,34,0,32,1
id_3410,Ｃａｓａ　Ｏｒａｎｇｅ　金橘亭,京都市南区東九条河西町１７番地１０,南区,簡易宿所,R5.2.2,34.980469,135.7651777,2,2,0,25,0,33,0
id_3411,ゲストハウスひつじ庵,京都市中京区姉小路通油小路東入宮木町４７２番地,中京区,簡易宿所,H25.11.12,35.0095886,135.7544455,0,20,0,54,1,28,1
id_3412,四条河原町温泉　空庭テラス京都  四条河原町温泉　空庭テラス京都　別邸,京都市下京区河原町通四条下る二丁目稲荷町３２４番地,下京区,旅館・ホテル,R4.6.9,35.0026499,135.7699683,0,0,5,31,0,5,0
id_3413,ホテルファインガーデン京都南店,京都市伏見区竹田東小屋ノ内町１２，１３，１４，１５，１６,伏見区,旅館・ホテル,H14.12.19,34.9524068,135.7491158,0,1,0,18,2,12,0
id_3414,アーバイン京都　清水五条,京都市東山区五条通大橋東入東橋詰町13番地,東山区,簡易宿所,H28.5.12,34.995814,135.7693339,0,16,0,45,1,24,0
id_3415,要庵　　西富家,京都市中京区富小路通六角下る骨屋之町562,中京区,旅館・ホテル,S33.9.29,35.0067163,135.7645736,8,51,9,80,3,95,7
id_3416,ホテルクリスタルゲート京都　東館,京都市伏見区竹田西小屋ノ内町２１番地,伏見区,旅館・ホテル,H30.11.14,34.9523459,135.7474597,5,41,0,66,1,57,0
id_3417,タッセルホテル　三条白川,京都市東山区三条通白川橋西入大井手町１０３番地３,東山区,旅館・ホテル,R3.6.21,35.0095134,135.7807761,18,5,2,49,4,37,2
id_3418,柚乃江,京都市東山区三条通白川筋黒谷道西入柚之木町３５３番地１５,東山区,簡易宿所,R5.5.25,35.0102255,135.7841213,37,11,4,69,2,56,1
id_3419,京の宿　しみず,京都市下京区若宮通正面下ル鍵屋町644，646-1,下京区,旅館・ホテル,H14.10.29,34.9935975,135.7559486,6,1,22,40,1,37,1
id_3420,京町家の宿　きたの,京都市上京区仁和寺街道御前通西入下横町199-23,上京区,簡易宿所,H27.1.13,35.0239912,135.7329544,2,1,1,18,0,12,0
id_3421,Ｍｏｏｎｌｉｇｈｔ　Ｉｎｎ　Ｋｕｊｏ,京都市南区東九条中札辻町２３番地３（１・２Ｆ部分）,南区,簡易宿所,R6.1.24,34.9764005,135.7619906,22,11,20,75,6,241,2
id_3422,Ｋａｍｏｎ　Ｉｎｎ　東寺西　ひょうたん１,京都市南区八条内田町５７番地２１　１階,南区,簡易宿所,R3.6.22,34.9810923,135.744501,19,11,2,71,4,41,1
id_3423,美盧　伏見稲荷邸北館,京都市伏見区深草ススハキ町２２番地４－１北側,伏見区,簡易宿所,R6.6.4,34.9657621,135.7704237,9,44,4,88,15,88,0
id_3424,ＴＧＫ,京都市山科区小野西浦６７番地１　グリーンヒルズ小野２階,山科区,簡易宿所,R2.4.14,34.9600066,135.8146453,2,0,0,22,0,3,0
id_3425,大西,京都市南区東九条中札辻町２７番地３,南区,簡易宿所,H28.2.26,34.9769893,135.762215,22,16,17,84,1,79,2
id_3426,悠・山や,京都市中京区壬生神明町１番地１９９,中京区,簡易宿所,R2.8.19,35.0066236,135.7388384,4,0,12,71,7,54,18
id_3427,京粋庵　伏見桃山,京都市伏見区土橋町３４７番地１,伏見区,簡易宿所,R5.12.26,34.9367694,135.7567891,8,41,3,72,12,112,0
id_3428,ホステル　オトロ　ムンド,京都市上京区下長者町通千本西入六番町３７０番地１１階東側及び２階,上京区,簡易宿所,H29.11.7,35.0226933,135.7421858,1,51,29,78,4,90,1
id_3429,ｓｏｙｏ－ｎｅ　ｋｙｏｔｏ　ｓａｎｊｏ,京都市中京区麩屋町通三条上る下白山町２９６番地４,中京区,旅館・ホテル,R7.8.29,35.0096119,135.765924,141,70,2,104,0,215,1
id_3430,ギャリア・二条城　京都,京都市中京区大宮通御池上る市之町１８０番地１,中京区,旅館・ホテル,R2.11.19,35.0115617,135.7491324,37,41,5,70,2,121,1
id_3431,京ノ宿　百合,京都市中京区西ノ京内畑町１６番地４２,中京区,簡易宿所,H29.1.5,35.0146537,135.7378021,29,44,1,75,0,115,1
id_3432,民宿　滝野,京都市右京区嵯峨二尊院門前北中院町20-1,右京区,簡易宿所,S50.6.7,35.0224332,135.6710104,61,33,8,96,1,124,2
id_3433,ホテルモントレ京都,京都市中京区烏丸通三条下る饅頭屋町６０４,中京区,旅館・ホテル,H19.1.30,35.0077814,135.7592719,48,8,8,89,3,78,7
id_3434,Ｓａｓａ,京都市上京区笹屋町通千本東入笹屋町３丁目６０４番地,上京区,簡易宿所,H29.6.28,35.0281113,135.7430668,6,25,0,54,0,35,0
id_3435,錆庵,京都市上京区鞍馬口通堀川西入る東若宮町６４番地３,上京区,簡易宿所,R2.7.8,35.0378231,135.7501535,9,54,27,83,1,115,7
id_3436,Ｋ’ｓ　Ｖｉｌｌａ　高瀬川邸,京都市下京区西木屋町通五条下る南京極町５９番地５,下京区,簡易宿所,R1.12.13,34.9942953,135.7663016,10,0,41,48,0,54,3
id_3437,五右衛門,京都市右京区京北下熊田町泓ケ２番地,右京区,簡易宿所,H28.12.6,35.1637524,135.6125206,0,0,2,37,2,8,0
id_3438,つばめ家,京都市右京区嵯峨広沢南野町２８番地３サクセススイートビル　２階,右京区,簡易宿所,H29.3.8,35.0208544,135.6922212,34,3,17,77,2,134,1
id_3439,ＫＡＹＡ　京都　二条城　ＢＷ  シグネチャーコレクション　ｂｙ　ベストウェスタン,京都市中京区油小路通丸太町下る大文字町５０番地,中京区,旅館・ホテル,R5.4.17,35.0167389,135.7536646,43,12,25,91,3,107,10
id_3440,大心院宿坊,京都市右京区花園妙心寺町５７,右京区,簡易宿所,R7.2.27,35.0231491,135.7205556,48,31,9,91,4,189,2
id_3441,寺田屋,京都市伏見区南浜町263番地,伏見区,旅館・ホテル,H16.4.16,34.9303055,135.7595584,3,3,1,46,4,72,0
id_3442,憩　五条西洞院,京都市下京区東中筋通五条上る天使突抜二丁目４０２番地７,下京区,簡易宿所,R2.3.9,34.9969325,135.7546807,0,0,0,57,5,45,0
id_3443,ＨＯＴＥＬ　ＥＣＣＬＥＳＩＡ,京都市中京区西ノ京永本町２３番地,中京区,簡易宿所,R5.9.26,35.0125419,135.7384775,0,10,2,36,2,22,0
id_3444,ＳＡＫＵＲＡ　ＩＮＮ　３,京都市下京区油小路通綾小路下る風早町５６６番地１コーポ風早３０１,下京区,簡易宿所,R1.11.8,35.0020769,135.7534405,30,6,35,112,3,110,7
id_3445,ゲストハウス　京都イン,京都市下京区朱雀正会町１５番地ゲストハウス　京都イン　１階，２階,下京区,簡易宿所,H28.11.21,34.9901521,135.7431578,25,39,35,111,1,107,1
id_3446,ほっこりする京の町家　上野屋,京都市東山区本町新五丁目１６３－９,東山区,簡易宿所,H18.10.31,34.9911421,135.770012,5,2,83,83,12,103,0
id_3447,ＫＹＯＳＴＡＹいろは　空木２,京都市南区西九条針小路町２８番地７（西側）,南区,簡易宿所,R2.3.4,34.9826591,135.7511393,70,13,21,90,6,115,4
id_3448,エキスポ　ホステル　織,京都市北区紫野西藤ノ森町２番地の４,北区,簡易宿所,H27.12.25,35.0367245,135.7465275,43,2,1,86,12,71,0
id_3449,ＧＥＮＭＡＣＨＩ　ＨＯＵＳＥ（原町ハウス）,京都市南区八条源町４７番地,南区,簡易宿所,H30.7.18,34.9839312,135.7445074,18,2,12,60,6,43,1
id_3450,静雅の宿,京都市伏見区深草一ノ坪町２０番地５,伏見区,簡易宿所,R6.7.2,34.9689135,135.7695899,0,8,4,19,0,25,0
id_3451,錦花,京都市左京区仁王門通新高倉東入北門前町４９９番地３、４７６番地４,左京区,簡易宿所,R5.6.12,35.0115658,135.7781854,13,6,0,56,3,49,13
id_3452,京ノ家　二条店,京都市中京区西ノ京永本町９番地,中京区,簡易宿所,H28.3.24,35.0121982,135.7387645,40,0,1,71,3,72,18
id_3453,京下茶屋～逸祥居　Ｋｙｏｇａｃｈａｙａ～ｉｔｓｕｓｈｏ　Ｓｔａｙ,京都市南区東九条西岩本町３５番地２５,南区,簡易宿所,R7.12.16,34.9827952,135.7637979,3,13,16,81,6,53,2
id_3454,古都　杏洛,京都市南区西九条横町６番地,南区,簡易宿所,H29.11.7,34.9834222,135.7503383,0,1,1,48,0,56,0
id_3455,笑福亭,京都市右京区京北比賀江町院谷23-2,右京区,旅館・ホテル,S53.1.28,35.1821253,135.663298,48,5,2,104,3,69,2
id_3456,nagomi　清水五条,京都市東山区六波羅裏門通東入二丁目竹村町１４６番地,東山区,簡易宿所,H30.4.20,34.996052,135.7753294,0,0,8,31,2,13,0
id_3457,Ｎａｚｕｎａ　京都　御所,京都市中京区衣棚通竹屋町下る花立町２５５番地,中京区,簡易宿所,R2.3.31,35.0159023,135.7570778,3,0,0,66,1,25,8
id_3458,,京都市下京区中堂寺前田町９番地９　１階,下京区,施設外玄関帳場,,34.9948108,135.7461664,24,3,29,72,3,73,1
id_3459,京と家　鴨川五条,京都市下京区木屋町通六軒上る都市町１４３番地１５,下京区,簡易宿所,H30.4.4,34.9947719,135.7672176,24,4,25,86,3,64,7
id_3460,京都　新町六角ホテル　ｇｒａｎｄｅｒｅｖｅｒｉｅ,京都市中京区六角通室町西入玉蔵町１２０番地,中京区,旅館・ホテル,H30.4.3,35.007401,135.7570623,32,97,17,68,2,176,18
id_3461,至の宿　山王町,京都市南区東九条南山王町４７番地８,南区,簡易宿所,R4.7.7,34.9815862,135.7633706,1,0,5,47,0,24,0
id_3462,Ｓｔａｙ　ＳＡＫＵＲＡ　京都　御苑東,京都市上京区河原町通荒神口下る上生洲町２１１番地１６，２１１番地２４，２１１番地２５,上京区,簡易宿所,H30.7.3,35.0211772,135.7691947,2,0,7,36,0,10,0
id_3463,ペンションステーション京都,京都市下京区新町通七条上ル辰巳町759番地,下京区,簡易宿所,H17.7.5,34.9903343,135.7569945,17,65,29,71,0,113,1
id_3464,山崎屋　離れ,京都市南区西九条寺ノ前町１０番地１（家屋番号１０番１の６）,南区,簡易宿所,R4.10.28,34.9848491,135.752494,19,2,11,66,0,33,0
id_3465,Ｈｏｔｅｌ　侑楽　京八坂,京都市東山区高台寺北門前通下河原東入鷲尾町５２８番地,東山区,旅館・ホテル,R4.12.1,35.0016645,135.7813175,10,8,8,29,0,27,0
id_3466,ＨＯＴＥＬ　ＭＵＳＯ,京都市下京区松原通麩屋町東入石不動之町６７８番地,下京区,簡易宿所,R1.7.12,34.9987911,135.7657455,54,23,5,70,2,91,7
id_3467,奏　伏見稲荷　猪目邸　ＨＡＲＵ,京都市伏見区深草秡川町１１番地３,伏見区,簡易宿所,R2.9.23,34.9669653,135.7695059,5,0,0,66,9,19,1
id_3468,京蘭　若紫邸,京都市南区東九条中札辻町２３番地２,南区,簡易宿所,R7.1.28,34.9765001,135.7619904,3,0,16,86,6,227,1
id_3469,櫞舎　隠東願寺,京都市下京区若宮通六条下る若宮町５４９番地３,下京区,簡易宿所,H29.8.31,34.9936448,135.755626,25,31,27,80,3,88,1
id_3470,ケイズハウス京都アネックス,京都市下京区土手町通七条上る納屋町４２０，４２１－１，－２，－３，－４，－５，４２３－８，４２６－１,下京区,簡易宿所,H20.3.21,34.9899549,135.7646866,1,1,7,30,1,14,1
id_3471,梵,京都市東山区大和大路通五条上る東入門脇町１９０番地２,東山区,簡易宿所,R2.5.26,35.0012678,135.7692946,1,3,0,22,0,6,0
id_3472,ＥＬＩＴＥ　ＩＮＮ　ＫＡＷＡＲＡＭＡＣＨＩ,京都市下京区堺町通松原下る鍛冶屋町２４４番地１,下京区,簡易宿所,R5.9.28,34.9980692,135.7634832,27,25,37,91,3,102,1
id_3473,プリンス スマート イン 京都三条,京都市中京区御幸町通三条上る丸屋町３２５番地,中京区,旅館・ホテル,R4.3.18,35.0093281,135.7665862,34,41,6,67,3,90,5
id_3474,京蘭　無幻邸　鳥,京都市南区八条通大宮西入八条町４２７番地２,南区,簡易宿所,R7.3.25,34.9845156,135.7476528,18,36,3,76,6,65,0
id_3475,久多の宿　ゆるり,京都市左京区久多宮の町７５番地,左京区,簡易宿所,H29.3.31,35.2641153,135.8155198,21,2,40,84,8,133,10
id_3476,エースホテル京都（Ａｃｅ　Ｈｏｔｅｌ　Ｋｙｏｔｏ）,京都市中京区姉小路通東洞院西入車屋町２４５番地２,中京区,旅館・ホテル,R2.3.9,35.0095179,135.7598312,96,54,8,86,7,174,7
id_3477,楽宿　京都伏見Ⅱ,京都市伏見区深草越後屋敷町６８番地３,伏見区,簡易宿所,R6.3.7,34.9498977,135.7630908,11,78,6,90,15,145,2
id_3478,ＡＬＡ　ＨＯＴＥＬ　ＫＹＯＴＯ,京都市下京区東洞院通七条下る塩小路町５１８番地,下京区,旅館・ホテル,R4.6.24,34.9885591,135.7614665,3,2,4,69,0,10,0
id_3479,HOTEL　GRASSINO　URBAN　RESORT,京都市伏見区竹田東小屋ノ内町８１－１,伏見区,旅館・ホテル,H25.2.28,34.9523306,135.7487238,5,34,64,67,9,116,1
id_3480,ＮＯＫＵ　Ｋｙｏｔｏ,京都市中京区烏丸通丸太町下る大倉町２０５番地１他,中京区,旅館・ホテル,H27.10.22,35.0169879,135.759206,0,3,0,55,1,7,1
id_3481,卯,京都市右京区西院乾町４６番地３,右京区,簡易宿所,H29.6.1,35.0042922,135.7273544,0,0,4,28,0,25,0
id_3482,春夏秋雪　京乃宿　ギオン福住,京都市東山区新橋通大和大路東入三丁目林下町437,東山区,旅館・ホテル,S63.4.15,35.0068414,135.7807795,4,2,4,76,9,22,1
id_3483,,京都市中京区夷川通衣棚東入堅大恩寺町７３３番地,中京区,施設外玄関帳場,,35.0136164,135.7573555,16,17,0,39,1,37,0
id_3484,梅ノ戸庵　清水五条,京都市東山区大黒町通松原下る二丁目山城町２８２番地１２,東山区,簡易宿所,H29.3.16,34.9974951,135.7707504,64,13,35,107,15,149,4
id_3485,,京都市南区西九条池ノ内町９３番地６,南区,施設外玄関帳場,,34.9833343,135.7533128,17,7,0,58,6,68,2
id_3486,今熊野テラス　頴川庵,京都市東山区今熊野南日吉町１１１番地１,東山区,簡易宿所,H30.7.11,34.9857818,135.7787647,37,2,3,74,9,58,3
id_3487,ＬＯＣＡＬ　ＳＴＡＹ　２,京都市伏見区向島中島町９５番地１７,伏見区,簡易宿所,H30.3.30,34.9206994,135.7692188,0,20,12,42,1,39,0
id_3488,東山の宿　えんがわ,京都市東山区五条橋東六丁目５１０番２５,東山区,簡易宿所,H27.3.20,34.9949982,135.7789323,0,0,4,25,4,8,0
id_3489,ｋａｒａ　ｈａｎａ,京都市伏見区羽束師菱川町385,伏見区,旅館・ホテル,S60.2.8,34.9330878,135.715153,1,5,4,22,2,13,0
id_3490,京蘭　富貴邸,京都市下京区東中筋通高辻下る舟屋町６６２番地１,下京区,簡易宿所,R6.7.11,34.9996907,135.7546121,0,13,12,63,1,36,3
id_3491,京恋　謝清水,京都市東山区柿町通大黒町西入東川原町５２５番地北側,東山区,簡易宿所,R1.5.20,34.9970828,135.7707124,8,0,1,29,2,11,0
id_3492,千松庵,京都市上京区下立売通千本東入下る中務町４９０番地５１,上京区,簡易宿所,H28.11.24,35.018981,135.7439883,9,6,4,62,4,28,0
id_3493,清越東山,京都市東山区六波羅裏門通東入二丁目竹村町１４８番地３,東山区,簡易宿所,R2.7.20,34.9965522,135.775143,43,16,35,95,12,120,5
id_3494,ランドーレジデンス京都二条城,京都市中京区竹屋町通油小路西入西竹屋町５２１番地２,中京区,簡易宿所,R2.3.12,35.0163568,135.7524836,57,9,8,85,3,88,10
id_3495,奏　九条明田町　別邸Ａ,京都市南区東九条明田町３１番地２，３１番地３　北棟,南区,簡易宿所,R2.2.3,34.9765839,135.7604558,17,10,2,69,6,65,1
id_3496,枳殻家（ＫＩＫＯＫＵＹＡ）,京都市下京区上枳殻馬場通河原町西入八軒町４６２番地１９,下京区,簡易宿所,R6.12.27,34.9923863,135.7638515,1,1,1,37,1,10,1
id_3497,京都　つきうさぎ,京都市伏見区石田森東町４番地，５番地３,伏見区,簡易宿所,H29.12.19,34.9400756,135.8036566,2,54,32,90,12,220,2
id_3498,京の宿　月光庵　別邸,京都市中京区西ノ京西月光町１８番地１７,中京区,簡易宿所,H30.12.18,35.0093933,135.7369433,118,12,8,94,3,143,1
id_3499,夢の浮橋,京都市東山区泉涌寺五葉ノ辻町１５番地９,東山区,簡易宿所,R7.4.25,34.9823166,135.7726299,10,8,1,31,1,22,1
id_3500,SAKURA TERRACE THE GALLERY,京都市南区東九条上殿田町17番地,南区,旅館・ホテル,H27.3.9,34.9824291,135.7583761,18,13,16,81,1,57,0
id_3501,ＩＲＯＨＡ　ＳＴＡＹ　Ｋｙｏｔｏ　麗,京都市東山区三条通北裏白川筋東入堀池町３７３番地１（北側）,東山区,簡易宿所,R6.8.9,35.0104916,135.7818562,16,4,2,48,4,36,1
id_3502,京町家の宿　雅樂庵,京都市下京区西木屋町通五条下る南京極町７４番地１,下京区,簡易宿所,H28.11.14,34.9944245,135.7663714,3,33,40,86,7,104,7
id_3503,一般社団法人　霞会館,京都市上京区油小路通出水上る大黒屋町42,上京区,簡易宿所,H3.6.3,35.0216954,135.7537912,11,82,7,112,10,126,7
id_3504,,京都市右京区嵯峨天龍寺今堀町４－１,右京区,施設外玄関帳場,,35.0169329,135.6810017,5,3,0,17,0,17,0
id_3505,ＴＨＥ　ＭＡＣＨＩＹＡ　ＥＢＩＳＵＹＡ,京都市下京区富小路通高辻下る恵美須屋町１９２番地１，１９２番地２,下京区,旅館・ホテル,R2.2.17,34.9993103,135.7645485,54,70,119,101,0,246,1
id_3506,ゲストハウス　凛,京都市南区東九条西岩本町４０番地５,南区,簡易宿所,H31.4.16,34.9824011,135.7638,15,1,14,83,0,81,1
id_3507,ゲストハウス京粋庵　京都八条口,京都市南区東九条室町３２番地２,南区,簡易宿所,R2.12.28,34.9829739,135.7572759,25,19,21,103,1,122,2
id_3508,和龍庵,京都市上京区下立売通千本東入中務町４９０番地９５,上京区,簡易宿所,R1.5.30,35.0190721,135.7446075,5,28,0,61,0,44,0
id_3509,アコモデーション京都っ子,京都市上京区丸太町通松屋町西入左馬松町783,上京区,簡易宿所,H17.10.14,35.0172373,135.748258,11,9,6,80,1,62,7
id_3510,京町家雅　松風庵,京都市東山区清水門前松原産寧坂西入清水四丁目１７２番地２０,東山区,簡易宿所,H29.7.11,34.9967091,135.7778714,0,2,1,21,2,5,0
id_3511,八坂の塔　ぼんぼり庵,京都市東山区下河原通八坂塔之前下る八坂上町３７４番地１０,東山区,簡易宿所,H29.7.4,34.9979574,135.7795354,0,4,12,47,4,28,2
id_3512,弁天西,京都市東山区下河原通八坂鳥居前下る上弁天町４３１番地４,東山区,簡易宿所,R1.11.12,35.0003303,135.7782225,5,0,4,23,0,12,0
id_3513,松井本館,京都市中京区柳馬場通六角下る井筒屋町405番地,中京区,旅館・ホテル,S58.3.7,35.0070127,135.7642331,45,12,1,98,1,73,10
id_3514,ザ・リッツ・カールトン京都,京都市中京区二条大橋上る鉾田町５４３番地 他,中京区,旅館・ホテル,H26.1.31,35.013917,135.7708565,7,66,8,97,3,97,10
id_3515,ＫＡＮＯＥ　檀那,京都市東山区六波羅裏門通東入多門町１５７番地５,東山区,簡易宿所,R2.6.1,34.996624,135.7743706,7,13,4,79,39,97,10
id_3516,Ｓｔａｙ　ＳＡＫＵＲＡ・京都　風雅,京都市南区東九条柳下町５６番地,南区,簡易宿所,R1.5.24,34.9750171,135.7644562,5,16,24,85,8,145,2
id_3517,京宿家　尚徳ときわ庵,京都市下京区鍵屋町通烏丸西入鍵屋町３３２番６,下京区,簡易宿所,H23.9.5,34.995033,135.7588,1,3,5,25,0,9,0
id_3518,松葉家旅館　新館,京都市下京区上珠数屋町通東洞院西入上珠数屋町３２７番地,下京区,旅館・ホテル,H28.10.20,34.992028,135.7606763,9,12,12,44,1,39,0
id_3519,大黒谷キャンプ場,京都市左京区久多下の町27.28.29.30.317.318川合町341.342,左京区,簡易宿所,S58.7.21,35.263257,135.824331,1,0,2,21,0,14,0
id_3520,月施庵,京都市中京区西ノ京壺ノ内町１番地１,中京区,簡易宿所,R7.12.17,35.018458,135.7267289,0,15,2,35,1,21,0
id_3521,響,京都市下京区油小路通花屋町下る仏具屋町２３８番地２,下京区,簡易宿所,H29.6.19,34.9925729,135.7540487,7,7,1,40,1,34,0
id_3522,ＪＰ　ＲＥＳＥＲＶＥ　天使突抜町１,京都市下京区東中筋通五条下る天使突抜三丁目４５４番地（家屋番号２３）,下京区,簡易宿所,R6.11.8,34.9953302,135.7541459,12,0,20,66,1,50,3
id_3523,ＨＯＴＥＬ　ＴＨＥ　ＰＯＩＮＴ　清水五条,京都市東山区本町新五丁目１５３番地，１５５番地２，１５７番地２,東山区,簡易宿所,R2.4.23,34.9915219,135.7694974,12,0,0,39,1,19,0
id_3524,Ｋｙｏｔｏ　Ｔｏｊｉ　Ｓｕｉｔｅｓ　＆　Ｒｅｓｉｄｅｎｃｅ　京都・東寺,京都市南区西九条比永城町１０４番地,南区,簡易宿所,H31.3.5,34.9768001,135.7488936,4,2,0,30,1,16,0
id_3525,旅館　第２シャルマン,"京都市伏見区下鳥羽広長町133,134,135,136の一部",伏見区,旅館・ホテル,S56.12.25,34.9319041,135.7443992,2,33,1,30,2,62,0
id_3526,宿屋　枳殻荘,京都市下京区下枳殻馬場通河原町西入住吉町３５７番地の１,下京区,旅館・ホテル,H10.10.1,34.9902841,135.7637434,5,0,5,34,0,14,0
id_3527,ＣōＢōホステル,京都市南区唐橋高田町３０番地１２，３０番地１３,南区,簡易宿所,H29.9.28,34.9808203,135.7417764,30,14,3,88,8,82,6
id_3528,ホテル京都エミナース,京都市西京区大原野東境谷町二丁目４番地１,西京区,旅館・ホテル,H30.3.23,34.9651082,135.6750878,1,44,15,78,2,116,4
id_3529,桂川ハウス,京都市南区久世大藪町２６番地９,南区,簡易宿所,H30.6.12,34.9611528,135.7184695,4,15,20,89,1,63,2
id_3530,ゲストハウス　遺芳庵,京都市左京区新間之町通二条下る頭町３６２番地８,左京区,簡易宿所,H28.2.29,35.0121252,135.7760156,0,6,7,62,3,35,3
id_3531,No.10 京都,京都市下京区七条通木屋町上る大宮町２０７番地２２０８番地１,下京区,簡易宿所,H29.11.30,34.9897781,135.7656937,1,0,8,39,1,19,0
id_3532,京都清水おかげ庵,京都市東山区大仏馬町伏見街道東入五丁目常盤町４５９番地２３,東山区,簡易宿所,H28.1.12,34.9927194,135.7750761,45,13,5,99,15,99,1
id_3533,京都第一ホテル,京都市南区東九条下殿田町45,南区,旅館・ホテル,H3.10.4,34.9789944,135.7574295,0,0,14,48,0,71,0
id_3534,ちどり旅館,京都市下京区堀川花屋町上る元日町 15,下京区,旅館・ホテル,H7.7.6,34.9935669,135.7525427,1,9,14,45,2,27,0
id_3535,ゲストハウス　京の町家　三条,京都市中京区油小路通三条下る三条油小路町１７６番地６,中京区,簡易宿所,H31.1.9,35.0075293,135.7533294,10,0,0,38,0,12,1
id_3536,Ｒｅｓｉｄｅｎｃｅ　Ｎｉｃｏｎ,京都市伏見区深草西浦町三丁目１４番地３,伏見区,簡易宿所,H30.2.27,34.9616427,135.7655761,4,2,7,33,2,22,0
id_3537,ゲストハウス菜の花,京都市中京区御幸町通六角下る伊勢屋町３３８番地,中京区,簡易宿所,H25.9.27,35.0172382,135.7687703,2,13,2,45,1,41,1
id_3538,京の森　有隣舎,京都市下京区万寿寺通御幸町西入堅田町６０３番地,下京区,旅館・ホテル,H30.9.21,34.9977949,135.7658252,21,9,10,48,1,50,3
id_3539,つばめ,京都市右京区西院南高田町４番地２階,右京区,簡易宿所,H29.1.31,34.9959667,135.7315295,40,3,7,73,2,76,0
id_3540,ゲストハウス京杜,京都市東山区三条通北裏白川筋西入二丁目東姉小路町４２１番地４,東山区,簡易宿所,R4.4.22,35.0103345,135.7793753,5,0,4,23,0,11,0
id_3541,橋旅二条城,京都市上京区椹木町通堀川東入西山崎町２３２番地１　１階，２階,上京区,簡易宿所,R1.9.6,35.0187963,135.7526426,0,15,0,33,2,23,1
id_3542,瑜＠東福寺　Ｙｕ＠Ｔｏｆｕｋｕｊｉ,京都市東山区福稲御所ノ内町７番地１３,東山区,簡易宿所,R1.10.1,34.9792253,135.7698435,6,15,77,86,12,167,4
id_3543,桜の宿　東寺,京都市南区西九条東比永城町１４番地２３,南区,簡易宿所,R5.4.20,34.9768582,135.7503124,1,0,0,31,1,15,0
id_3544,華楽,京都市東山区三条通白川橋東入四丁目中之町２０７番地４,東山区,簡易宿所,H29.6.26,35.0091829,135.7848719,18,0,41,52,1,62,0
id_3545,朱雀庵,京都市下京区中堂寺南町１０番地１９,下京区,簡易宿所,H28.10.17,34.9943799,135.7409109,21,75,4,101,7,134,7
id_3546,,京都市東山区今熊野南日吉町３０番地２１,東山区,施設外玄関帳場,,34.9843978,135.7783511,8,0,0,35,2,12,1
id_3547,Ａｎｄｏｎ　Ｈａｎａｒｅ　Ｋｙｏｔｏ　Ｇｏｊｏ  （行燈　Ｈａｎａｒｅ　京都　五条）,京都市下京区中堂寺北町３８番地６,下京区,簡易宿所,R1.10.31,34.9970347,135.740477,0,0,0,22,0,2,0
id_3548,ＧＩＯＮ　ＥＬＩＴＥ　ＴＥＲＲＡＣＥ,京都市東山区広道通松原上る四丁目毘沙門町４４番地２１、４８番地２大和大路通四条下る四丁目小松町６２１番地、６２２番地、６２９番地,東山区,旅館・ホテル,R5.3.3,35.0006308,135.7770187,32,9,3,54,1,48,2
id_3549,アーバンホテル　京都二条　プレミアム,京都市中京区聚楽廻南町２５番地５,中京区,旅館・ホテル,H27.10.27,35.0151554,135.7422895,3,0,8,44,0,12,0
id_3550,御屋・梓,京都市伏見区深草森吉町１９番地７,伏見区,簡易宿所,R7.5.13,34.9719042,135.7689266,0,28,58,76,0,93,0
id_3551,京宿　平安四季,京都市下京区油小路松原下る樋口町２８２番地１,下京区,簡易宿所,H30.9.4,34.9976796,135.7538011,25,27,104,76,3,167,7
id_3552,ＲＥＳＩＳＴＡＹ　ＨＯＴＥＬ　ＳＵＮ　ＣＨＬＯＲＥＬＬＡ,京都市下京区大宮通木津屋橋上る上之町４１６番地２，４１６番地,下京区,簡易宿所,R2.5.29,34.9886388,135.7494846,0,5,0,30,0,10,1
id_3553,渡月亭　秀山閣,京都市西京区嵐山中尾下町56,西京区,旅館・ホテル,S52.12.28,35.0110699,135.6774298,0,34,1,66,1,79,0
id_3554,,京都市東山区鞘町通五条下る二丁目大阪町３８２番地３,東山区,施設外玄関帳場,,34.9946063,135.7690284,0,1,36,69,1,48,0
id_3555,流蘇,京都市南区西九条東柳ノ内町５８番地の７,南区,簡易宿所,H28.3.1,34.9759783,135.7531387,0,2,4,27,1,17,1
id_3556,Ｍａｒｉｋｏｊｉ　Ｉｎｎ　Ｋｙｏｔｏ,京都市左京区田中大堰町１３２番地２,左京区,簡易宿所,H29.11.7,35.0303533,135.7773567,51,1,11,82,6,158,5
id_3557,谷町君ホテル　京都駅東２９,京都市東山区鞘町通正面下る上堀詰町２６６番地、２６７番地,東山区,簡易宿所,R5.11.2,34.9905999,135.769056,10,4,8,40,0,28,0
id_3558,三十三間堂‐宵の竹,京都市東山区大仏南門通大和大路東入三丁目本瓦町６５６番地１４,東山区,簡易宿所,R2.12.25,34.9861153,135.7730373,4,0,14,51,1,33,3
id_3559,ＫＩＯＲＩ　Ｅｘｅｃ　Ｍｕｒｏｍａｃｈｉ,京都市下京区室町通松原上る高辻町５７７番地,下京区,簡易宿所,R7.11.4,34.9999979,135.7582883,0,0,0,27,0,2,0
id_3560,ホテル　エムズ・エスト京都駅南,京都市南区東九条北烏丸町７番地，７番地５，７番地６,南区,簡易宿所,R1.11.8,34.9817208,135.7595381,0,9,7,61,2,39,0
id_3561,风吟軒,京都市上京区六軒町通一条上る若松町３４６番１５,上京区,簡易宿所,H28.7.25,35.0274843,135.7413806,4,23,1,38,5,47,1
id_3562,慶有魚　山城,京都市東山区大黒町通松原下る二丁目山城町２８２番地１３,東山区,簡易宿所,H30.8.10,34.9975133,135.7706763,45,12,6,92,2,85,4
id_3563,ホテル　キュテラ,京都市山科区東野中井ノ上町１３－３２，１３－３３,山科区,旅館・ホテル,H19.7.26,34.9810318,135.8223005,1,0,0,23,0,4,0
id_3564,やすらぎ,京都市東山区下河原通高台寺門前下河原町４７６番地６,東山区,簡易宿所,H28.9.14,35.0007687,135.7812718,18,1,2,60,1,29,4
id_3565,京一軒町家　さと居　七条壬生　香雪　千鳥,京都市下京区西酢屋町２番地（家屋番号２８番東から１軒目）,下京区,簡易宿所,H31.3.13,34.9894626,135.7462684,13,15,0,52,1,43,5
id_3566,香木,京都市伏見区深草北新町６２６番地５,伏見区,簡易宿所,H30.12.25,34.9490418,135.7702298,28,47,35,86,12,126,2
id_3567,山本Ⅱ,京都市南区吉祥院定成町１８番地６,南区,簡易宿所,H28.8.29,34.9775334,135.7362477,3,10,11,76,4,34,3
id_3568,鈴　花屋町　朝霧１,京都市下京区二人司町６番地２１,下京区,簡易宿所,R5.12.1,34.9918632,135.746448,21,23,32,77,3,86,7
id_3569,長や　御所南,京都市中京区堺町通二条下る杉屋町６２７番地１２,中京区,簡易宿所,H28.3.29,35.0132122,135.7627638,7,54,8,75,0,87,7
id_3570,ブライトホテル清水,京都市東山区大仏馬町伏見街道東入五丁目常盤町４５９番地７、４５９番地２４,東山区,簡易宿所,R4.9.9,34.9928699,135.77519,57,14,37,103,2,123,4
id_3571,京遊話－綠野仙踪　Ｋｙｏｔｏ　Ａｍａｚｉｎｇ－Ｔｈｅ　Ｗｉｚａｒｄ　ｏｆ　Ｏｚ,京都市南区東九条北松ノ木町１３番地９,南区,簡易宿所,R6.9.10,34.9777648,135.7664272,0,0,7,46,2,15,0
id_3572,宿きらまち　Ｈ,京都市下京区綾小路通西洞院東入新釜座町７２２番地９,下京区,簡易宿所,R1.9.27,35.0032015,135.7562168,17,20,22,68,1,64,3
id_3573,ＢＯＯＫ　ＨＯＴＥＬ　京都九条,京都市南区東九条烏丸町４１番地,南区,旅館・ホテル,R6.2.15,34.9801367,135.7609702,66,12,17,88,6,106,2
id_3574,ゲストハウス　京都ミルズ　瑠璃庵,京都市上京区千本通一条上る泰童片原町６６４番地２,上京区,簡易宿所,H29.8.29,35.0272878,135.7427627,14,78,49,109,10,162,10
id_3575,T House 京都,京都市中京区壬生馬場町１５番地１８,中京区,簡易宿所,R7.10.21,35.0077573,135.7444455,43,51,10,91,3,173,10
id_3576,サイレントハウス東寺京都駅西,京都市南区八条内田町８５番地４,南区,簡易宿所,R2.6.4,34.9808877,135.7451256,0,5,0,46,0,19,1
id_3577,ヴィラージュ京都,京都市中京区壬生坊城町５番地,中京区,簡易宿所,H20.9.18,35.0039494,135.7474895,2,15,2,38,0,21,0
id_3578,小隠,京都市下京区新町通五条下る蛭子町１１６番地４,下京区,簡易宿所,H28.9.20,34.9955795,135.7568972,14,0,16,64,4,49,1
id_3579,ｕｎｉｔｏレジデンス　京都　五条,京都市下京区東中筋通六条下る学林町３０２番地１,下京区,簡易宿所,R5.9.28,34.9936702,135.7546356,54,3,4,91,3,82,7
id_3580,草枕　京都宮川町,京都市東山区新宮川町通松原下る西御門町４４０番地１３,東山区,簡易宿所,R7.6.20,34.9984086,135.7706021,27,10,2,70,6,51,2
id_3581,ＫＥＶＩＮ’Ｓ　ＰＬＡＣＥ,京都市南区東九条河西町２９番地６,南区,簡易宿所,H29.2.13,34.9799335,135.7655657,12,8,1,53,1,40,2
id_3582,をかし,京都市上京区御前通下立売上る三丁目西上之町２４５番地５３,上京区,簡易宿所,H30.1.10,35.0235402,135.7361368,14,58,4,80,8,152,18
id_3583,,京都市下京区西七条北東野町２３番地３,下京区,施設外玄関帳場,,34.9895411,135.7373106,0,2,2,50,0,16,3
id_3584,七条むすび屋,京都市下京区西七条南東野町１８０番地,下京区,簡易宿所,H30.3.22,34.9884312,135.7386458,24,37,37,104,3,124,10
id_3585,京　ｋｏｚｏ 北野天神（ｋｉｔａｎｏｔｅｎｊｉｎ）,京都市上京区今小路通御前通西入紙屋川町１０３８番地１９,上京区,簡易宿所,R2.4.10,35.0275903,135.7335578,10,0,14,54,0,110,8
id_3586,天一閣,京都市中京区壬生高樋町６０番地３２,中京区,簡易宿所,H29.10.17,35.0014203,135.7402796,0,59,0,50,2,71,0
